%Time [ms]	Commanded Torque [mNm]	Angular Velocity [RPM]	Actual Current [Amp]	%10/7/20258:48 AM
0.000	0.000	0.000	0.000
20.000	6.000	0.000	0.006
30.000	6.000	0.000	0.007
40.000	6.000	0.000	0.007
50.000	6.000	0.000	0.006
60.000	6.000	0.000	0.007
70.000	6.000	0.000	0.007
80.000	6.000	0.000	0.004
90.000	6.000	0.000	0.006
100.000	6.000	0.000	0.006
110.000	6.000	0.000	0.006
120.000	6.000	0.000	0.008
130.000	6.000	0.000	0.008
140.000	6.000	0.000	0.006
150.000	6.000	0.000	0.006
160.000	6.000	0.000	0.006
170.000	6.000	0.000	0.004
180.000	6.000	0.000	0.004
190.000	6.000	0.000	0.006
200.000	6.000	0.000	0.004
210.000	6.000	0.000	0.007
220.000	6.000	0.000	0.006
230.000	6.000	0.000	0.006
240.000	6.000	0.000	0.004
250.000	6.000	0.000	0.004
260.000	6.000	0.000	0.004
270.000	6.000	0.000	0.006
280.000	6.000	0.000	0.004
290.000	6.000	0.000	0.002
300.000	6.000	0.000	0.004
310.000	6.000	0.000	0.006
320.000	6.000	0.000	0.003
330.000	6.000	0.000	0.003
340.000	6.000	0.000	0.004
350.000	6.000	0.000	0.006
360.000	6.000	0.000	0.003
370.000	6.000	0.000	0.006
380.000	6.000	0.000	0.004
390.000	6.000	0.000	0.004
400.000	6.000	0.000	0.003
410.000	6.000	0.000	0.004
420.000	6.000	0.000	0.004
430.000	6.000	0.000	0.006
440.000	6.000	0.000	0.007
450.000	6.000	0.000	0.004
460.000	6.000	0.000	0.004
470.000	6.000	0.000	0.008
480.000	6.000	0.000	0.004
490.000	6.000	0.000	0.004
500.000	6.000	0.000	0.006
510.000	6.000	0.000	0.003
520.000	6.000	0.000	0.006
530.000	6.000	0.000	0.007
540.000	6.000	0.000	0.007
550.000	6.000	0.000	0.004
560.000	6.000	0.000	0.004
570.000	6.000	0.000	0.007
580.000	6.000	0.000	0.007
590.000	6.000	0.000	0.006
600.000	6.000	0.000	0.004
610.000	6.000	0.000	0.001
620.000	6.000	0.000	0.004
630.000	6.000	0.000	0.007
640.000	6.000	0.000	0.007
650.000	6.000	0.000	0.007
660.000	6.000	0.000	0.007
670.000	6.000	0.000	0.007
680.000	6.000	0.000	0.004
690.000	6.000	0.000	0.007
700.000	6.000	0.000	0.007
710.000	6.000	0.000	0.007
720.000	6.000	0.000	0.004
730.000	6.000	0.000	0.003
740.000	6.000	0.000	0.004
750.000	6.000	0.000	-0.000
760.000	6.000	0.000	0.007
770.000	6.000	0.000	0.006
780.000	6.000	0.000	0.006
790.000	6.000	0.000	0.003
800.000	6.000	0.000	0.006
810.000	6.000	0.000	0.004
820.000	6.000	0.000	0.006
830.000	6.000	0.000	0.007
840.000	6.000	0.000	0.004
850.000	6.000	0.000	0.004
860.000	6.000	0.000	0.007
870.000	6.000	0.000	0.004
880.000	6.000	0.000	0.006
890.000	6.000	0.000	0.004
900.000	6.000	0.000	0.004
910.000	6.000	0.000	0.004
920.000	6.000	0.000	0.003
930.000	6.000	0.000	0.004
940.000	6.000	0.000	0.006
950.000	6.000	0.000	0.006
960.000	6.000	0.000	0.007
970.000	6.000	0.000	0.006
980.000	6.000	0.000	0.004
990.000	6.000	0.000	0.006
1000.000	6.000	0.000	0.007
1010.000	6.000	0.000	0.003
1020.000	6.000	0.000	0.004
1030.000	6.000	0.000	0.003
1040.000	6.000	0.000	0.020
1050.000	6.000	-0.073	0.078
1060.000	6.000	-0.073	0.120
1070.000	6.000	-0.073	0.152
1080.000	6.000	-0.073	0.178
1090.000	6.000	-0.146	0.194
1100.000	6.000	-0.146	0.206
1110.000	6.000	-0.220	0.216
1120.000	6.000	-0.293	0.225
1130.000	6.000	-0.366	0.229
1140.000	6.000	-0.439	0.231
1150.000	6.000	-0.439	0.234
1160.000	6.000	-0.513	0.235
1170.000	6.000	-0.586	0.235
1180.000	6.000	-0.732	0.239
1190.000	6.000	-0.732	0.236
1200.000	6.000	-0.952	0.241
1210.000	6.000	-1.025	0.236
1220.000	6.000	-1.172	0.239
1230.000	6.000	-1.318	0.240
1240.000	6.000	-1.465	0.240
1250.000	6.000	-1.538	0.239
1260.000	6.000	-1.611	0.240
1270.000	6.000	-1.758	0.240
1280.000	6.000	-1.758	0.239
1290.000	6.000	-1.831	0.239
1300.000	6.000	-1.831	0.239
1310.000	6.000	-1.904	0.239
1320.000	6.000	-1.978	0.240
1330.000	6.000	-2.124	0.239
1340.000	6.000	-2.197	0.239
1350.000	6.000	-2.271	0.239
1360.000	6.000	-2.344	0.240
1370.000	6.000	-2.271	0.240
1380.000	6.000	-2.344	0.239
1390.000	6.000	-2.344	0.240
1400.000	6.000	-2.344	0.240
1410.000	6.000	-2.344	0.241
1420.000	6.000	-2.344	0.241
1430.000	6.000	-2.344	0.239
1440.000	6.000	-2.417	0.238
1450.000	6.000	-2.490	0.241
1460.000	6.000	-2.563	0.241
1470.000	6.000	-2.637	0.239
1480.000	6.000	-2.783	0.240
1490.000	6.000	-2.930	0.240
1500.000	6.000	-3.223	0.240
1510.000	6.000	-3.442	0.239
1520.000	6.000	-3.442	0.240
1530.000	6.000	-3.369	0.239
1540.000	6.000	-3.296	0.240
1550.000	6.000	-3.296	0.240
1560.000	6.000	-3.442	0.239
1570.000	6.000	-3.809	0.240
1580.000	6.000	-3.882	0.241
1590.000	6.000	-3.955	0.239
1600.000	6.000	-3.882	0.241
1610.000	6.000	-3.955	0.239
1620.000	6.000	-4.321	0.241
1630.000	6.000	-4.395	0.241
1640.000	6.000	-4.468	0.241
1650.000	6.000	-4.541	0.239
1660.000	6.000	-4.541	0.239
1670.000	6.000	-4.614	0.241
1680.000	6.000	-4.687	0.242
1690.000	6.000	-4.761	0.240
1700.000	6.000	-4.834	0.239
1710.000	6.000	-5.054	0.240
1720.000	6.000	-4.980	0.238
1730.000	6.000	-5.054	0.240
1740.000	6.000	-5.127	0.240
1750.000	6.000	-5.347	0.239
1760.000	6.000	-5.566	0.238
1770.000	6.000	-5.493	0.241
1780.000	6.000	-5.566	0.240
1790.000	6.000	-5.933	0.238
1800.000	6.000	-6.006	0.241
1810.000	6.000	-5.786	0.240
1820.000	6.000	-5.640	0.239
1830.000	6.000	-5.933	0.241
1840.000	6.000	-6.152	0.238
1850.000	6.000	-6.152	0.240
1860.000	6.000	-6.152	0.241
1870.000	6.000	-6.445	0.239
1880.000	6.000	-6.445	0.239
1890.000	6.000	-6.152	0.240
1900.000	6.000	-6.372	0.239
1910.000	6.000	-6.592	0.241
1920.000	6.000	-6.885	0.240
1930.000	6.000	-7.031	0.240
1940.000	6.000	-7.104	0.240
1950.000	6.000	-7.104	0.240
1960.000	6.000	-7.031	0.240
1970.000	6.000	-7.031	0.239
1980.000	6.000	-7.178	0.239
1990.000	6.000	-7.471	0.240
2000.000	6.000	-7.617	0.241
2010.000	6.000	-7.544	0.240
2020.000	6.000	-7.544	0.240
2030.000	6.000	-7.617	0.240
2040.000	6.000	-7.690	0.240
2050.000	6.000	-8.130	0.238
2060.000	6.000	-8.350	0.241
2070.000	6.000	-8.057	0.239
2080.000	6.000	-8.276	0.238
2090.000	6.000	-8.276	0.239
2100.000	6.000	-8.057	0.241
2110.000	6.000	-8.569	0.241
2120.000	6.000	-8.569	0.239
2130.000	6.000	-8.350	0.239
2140.000	6.000	-8.643	0.239
2150.000	6.000	-8.423	0.239
2160.000	6.000	-8.789	0.240
2170.000	6.000	-8.936	0.241
2180.000	6.000	-8.716	0.239
2190.000	6.000	-9.009	0.241
2200.000	6.000	-9.155	0.240
2210.000	6.000	-9.082	0.239
2220.000	6.000	-9.229	0.240
2230.000	6.000	-9.302	0.239
2240.000	6.000	-9.375	0.240
2250.000	6.000	-9.521	0.240
2260.000	6.000	-9.668	0.239
2270.000	6.000	-9.668	0.240
2280.000	6.000	-9.888	0.240
2290.000	6.000	-9.888	0.241
2300.000	6.000	-10.034	0.241
2310.000	6.000	-10.034	0.238
2320.000	6.000	-10.034	0.239
2330.000	6.000	-10.474	0.239
2340.000	6.000	-10.254	0.239
2350.000	6.000	-10.693	0.240
2360.000	6.000	-10.107	0.239
2370.000	6.000	-10.547	0.239
2380.000	6.000	-10.693	0.239
2390.000	6.000	-10.840	0.241
2400.000	6.000	-10.840	0.239
2410.000	6.000	-10.767	0.240
2420.000	6.000	-11.060	0.240
2430.000	6.000	-11.133	0.239
2440.000	6.000	-11.279	0.240
2450.000	6.000	-10.913	0.240
2460.000	6.000	-11.353	0.241
2470.000	6.000	-11.572	0.238
2480.000	6.000	-11.572	0.238
2490.000	6.000	-11.499	0.242
2500.000	6.000	-11.719	0.239
2510.000	6.000	-12.231	0.239
2520.000	6.000	-12.012	0.241
2530.000	6.000	-12.012	0.240
2540.000	6.000	-12.012	0.240
2550.000	6.000	-12.451	0.240
2560.000	6.000	-12.305	0.240
2570.000	6.000	-12.451	0.241
2580.000	6.000	-12.671	0.240
2590.000	6.000	-12.451	0.240
2600.000	6.000	-12.305	0.239
2610.000	6.000	-12.744	0.240
2620.000	6.000	-12.598	0.240
2630.000	6.000	-12.598	0.240
2640.000	6.000	-12.671	0.240
2650.000	6.000	-13.257	0.238
2660.000	6.000	-12.891	0.240
2670.000	6.000	-12.891	0.240
2680.000	6.000	-13.184	0.239
2690.000	6.000	-13.257	0.238
2700.000	6.000	-13.477	0.239
2710.000	6.000	-13.623	0.241
2720.000	6.000	-13.550	0.238
2730.000	6.000	-13.916	0.242
2740.000	6.000	-13.843	0.238
2750.000	6.000	-13.916	0.239
2760.000	6.000	-13.989	0.242
2770.000	6.000	-14.209	0.240
2780.000	6.000	-14.209	0.241
2790.000	6.000	-14.429	0.239
2800.000	6.000	-14.282	0.241
2810.000	6.000	-14.282	0.240
2820.000	6.000	-14.575	0.238
2830.000	6.000	-14.282	0.241
2840.000	6.000	-14.575	0.240
2850.000	6.000	-14.795	0.240
2860.000	6.000	-14.575	0.239
2870.000	6.000	-14.795	0.241
2880.000	6.000	-14.722	0.241
2890.000	6.000	-14.648	0.241
2900.000	6.000	-14.941	0.239
2910.000	6.000	-15.015	0.240
2920.000	6.000	-15.088	0.240
2930.000	6.000	-15.234	0.240
2940.000	6.000	-15.161	0.239
2950.000	6.000	-15.381	0.238
2960.000	6.000	-15.381	0.240
2970.000	6.000	-15.454	0.241
2980.000	6.000	-15.820	0.238
2990.000	6.000	-15.747	0.239
3000.000	6.000	-15.894	0.239
3010.000	6.000	-15.967	0.241
3020.000	6.000	-15.967	0.241
3030.000	6.000	-16.260	0.241
3040.000	6.000	-16.260	0.240
3050.000	6.000	-16.187	0.239
3060.000	6.000	-16.479	0.238
3070.000	6.000	-16.406	0.240
3080.000	6.000	-16.333	0.241
3090.000	6.000	-16.699	0.240
3100.000	6.000	-16.626	0.239
3110.000	6.000	-16.626	0.240
3120.000	6.000	-16.699	0.241
3130.000	6.000	-16.772	0.241
3140.000	6.000	-16.846	0.241
3150.000	6.000	-16.846	0.239
3160.000	6.000	-16.919	0.240
3170.000	6.000	-17.212	0.240
3180.000	6.000	-16.992	0.240
3190.000	6.000	-16.992	0.241
3200.000	6.000	-17.358	0.241
3210.000	6.000	-17.285	0.238
3220.000	6.000	-17.285	0.239
3230.000	6.000	-17.285	0.241
3240.000	6.000	-17.505	0.238
3250.000	6.000	-17.798	0.240
3260.000	6.000	-17.432	0.240
3270.000	6.000	-17.432	0.238
3280.000	6.000	-17.871	0.240
3290.000	6.000	-17.651	0.240
3300.000	6.000	-17.578	0.239
3310.000	6.000	-17.798	0.239
3320.000	6.000	-17.798	0.239
3330.000	6.000	-17.944	0.239
3340.000	6.000	-17.725	0.240
3350.000	6.000	-17.578	0.239
3360.000	6.000	-18.018	0.240
3370.000	6.000	-18.164	0.240
3380.000	6.000	-18.018	0.239
3390.000	6.000	-17.944	0.239
3400.000	6.000	-18.164	0.241
3410.000	6.000	-18.311	0.240
3420.000	6.000	-18.311	0.239
3430.000	6.000	-18.457	0.240
3440.000	6.000	-18.311	0.240
3450.000	6.000	-18.530	0.239
3460.000	6.000	-18.677	0.240
3470.000	6.000	-18.530	0.238
3480.000	6.000	-18.677	0.239
3490.000	6.000	-18.750	0.240
3500.000	6.000	-18.750	0.240
3510.000	6.000	-18.823	0.239
3520.000	6.000	-18.896	0.239
3530.000	6.000	-18.823	0.241
3540.000	6.000	-18.970	0.240
3550.000	6.000	-19.043	0.239
3560.000	6.000	-18.970	0.240
3570.000	6.000	-19.116	0.239
3580.000	6.000	-19.189	0.240
3590.000	6.000	-19.116	0.239
3600.000	6.000	-19.116	0.240
3610.000	6.000	-19.116	0.240
3620.000	6.000	-19.189	0.240
3630.000	6.000	-19.336	0.239
3640.000	6.000	-19.556	0.241
3650.000	6.000	-19.482	0.239
3660.000	6.000	-19.189	0.240
3670.000	6.000	-19.409	0.239
3680.000	6.000	-19.336	0.240
3690.000	6.000	-19.702	0.240
3700.000	6.000	-19.849	0.240
3710.000	6.000	-19.482	0.239
3720.000	6.000	-19.556	0.240
3730.000	6.000	-19.482	0.240
3740.000	6.000	-19.702	0.239
3750.000	6.000	-19.775	0.239
3760.000	6.000	-20.068	0.241
3770.000	6.000	-19.995	0.240
3780.000	6.000	-19.702	0.240
3790.000	6.000	-19.922	0.240
3800.000	6.000	-19.995	0.240
3810.000	6.000	-20.215	0.238
3820.000	6.000	-20.068	0.240
3830.000	6.000	-20.215	0.240
3840.000	6.000	-19.849	0.238
3850.000	6.000	-19.922	0.240
3860.000	6.000	-19.922	0.241
3870.000	6.000	-20.288	0.240
3880.000	6.000	-20.288	0.240
3890.000	6.000	-20.288	0.241
3900.000	6.000	-20.581	0.239
3910.000	6.000	-20.581	0.239
3920.000	6.000	-20.215	0.240
3930.000	6.000	-20.215	0.239
3940.000	6.000	-20.215	0.239
3950.000	6.000	-20.581	0.240
3960.000	6.000	-20.654	0.239
3970.000	6.000	-20.654	0.239
3980.000	6.000	-20.874	0.241
3990.000	6.000	-20.947	0.240
4000.000	6.000	-20.947	0.240
4010.000	6.000	-20.728	0.238
4020.000	6.000	-20.801	0.239
4030.000	6.000	-20.801	0.239
4040.000	6.000	-21.094	0.239
4050.000	6.000	-21.094	0.238
4060.000	6.000	-21.094	0.238
4070.000	6.000	-21.240	0.241
4080.000	6.000	-21.313	0.239
4090.000	6.000	-21.313	0.239
4100.000	6.000	-21.094	0.239
4110.000	6.000	-21.313	0.240
4120.000	6.000	-21.313	0.240
4130.000	6.000	-21.680	0.239
4140.000	6.000	-21.606	0.240
4150.000	6.000	-21.606	0.240
4160.000	6.000	-21.533	0.241
4170.000	6.000	-21.460	0.240
4180.000	6.000	-21.460	0.240
4190.000	6.000	-21.460	0.238
4200.000	6.000	-21.533	0.241
4210.000	6.000	-21.753	0.242
4220.000	6.000	-21.826	0.240
4230.000	6.000	-22.266	0.241
4240.000	6.000	-22.266	0.241
4250.000	6.000	-22.119	0.238
4260.000	6.000	-22.192	0.239
4270.000	6.000	-22.192	0.239
4280.000	6.000	-22.485	0.239
4290.000	6.000	-22.266	0.241
4300.000	6.000	-22.339	0.239
4310.000	6.000	-22.119	0.238
4320.000	6.000	-22.192	0.240
4330.000	6.000	-22.192	0.240
4340.000	6.000	-22.119	0.238
4350.000	6.000	-22.339	0.241
4360.000	6.000	-22.339	0.241
4370.000	6.000	-22.559	0.240
4380.000	6.000	-22.485	0.239
4390.000	6.000	-22.778	0.240
4400.000	6.000	-22.778	0.241
4410.000	6.000	-22.998	0.239
4420.000	6.000	-22.925	0.239
4430.000	6.000	-22.998	0.239
4440.000	6.000	-23.071	0.240
4450.000	6.000	-23.218	0.239
4460.000	6.000	-23.145	0.240
4470.000	6.000	-23.218	0.238
4480.000	6.000	-23.218	0.239
4490.000	6.000	-23.218	0.241
4500.000	6.000	-23.218	0.239
4510.000	6.000	-23.437	0.241
4520.000	6.000	-23.437	0.238
4530.000	6.000	-23.511	0.238
4540.000	6.000	-23.584	0.241
4550.000	6.000	-23.437	0.241
4560.000	6.000	-23.730	0.240
4570.000	6.000	-23.804	0.239
4580.000	6.000	-23.950	0.240
4590.000	6.000	-23.877	0.238
4600.000	6.000	-24.243	0.239
4610.000	6.000	-24.097	0.239
4620.000	6.000	-24.316	0.240
4630.000	6.000	-24.463	0.239
4640.000	6.000	-24.609	0.239
4650.000	6.000	-24.609	0.240
4660.000	6.000	-24.609	0.240
4670.000	6.000	-24.536	0.239
4680.000	6.000	-24.609	0.241
4690.000	6.000	-24.756	0.240
4700.000	6.000	-24.536	0.240
4710.000	6.000	-24.756	0.240
4720.000	6.000	-24.683	0.240
4730.000	6.000	-24.683	0.241
4740.000	6.000	-24.536	0.240
4750.000	6.000	-25.195	0.240
4760.000	6.000	-24.902	0.240
4770.000	6.000	-25.342	0.238
4780.000	6.000	-25.195	0.238
4790.000	6.000	-25.488	0.239
4800.000	6.000	-25.342	0.238
4810.000	6.000	-25.635	0.240
4820.000	6.000	-25.635	0.239
4830.000	6.000	-25.708	0.239
4840.000	6.000	-25.854	0.240
4850.000	6.000	-25.488	0.240
4860.000	6.000	-26.147	0.240
4870.000	6.000	-25.928	0.238
4880.000	6.000	-26.147	0.239
4890.000	6.000	-26.001	0.240
4900.000	6.000	-26.294	0.238
4910.000	6.000	-26.074	0.239
4920.000	6.000	-26.147	0.244
4930.000	6.000	-26.733	0.239
4940.000	6.000	-26.660	0.238
4950.000	6.000	-26.880	0.239
4960.000	6.000	-26.587	0.239
4970.000	6.000	-26.660	0.240
4980.000	6.000	-26.660	0.238
4990.000	6.000	-26.953	0.240
5000.000	6.000	-27.393	0.240
5010.000	6.000	-27.319	0.238
5020.000	6.000	-27.539	0.240
5030.000	6.000	-27.173	0.240
5040.000	6.000	-27.539	0.239
5050.000	6.000	-27.539	0.239
5060.000	6.000	-27.759	0.240
5070.000	6.000	-27.832	0.240
5080.000	6.000	-27.905	0.239
5090.000	6.000	-27.832	0.241
5100.000	6.000	-27.905	0.241
5110.000	6.000	-28.198	0.240
5120.000	6.000	-28.125	0.240
5130.000	6.000	-28.198	0.240
5140.000	6.000	-28.345	0.239
5150.000	6.000	-28.418	0.239
5160.000	6.000	-28.345	0.238
5170.000	6.000	-28.638	0.240
5180.000	6.000	-28.784	0.241
5190.000	6.000	-29.004	0.240
5200.000	6.000	-28.931	0.239
5210.000	6.000	-28.784	0.244
5220.000	6.000	-28.931	0.238
5230.000	6.000	-29.517	0.239
5240.000	6.000	-29.370	0.240
5250.000	6.000	-29.224	0.241
5260.000	6.000	-29.736	0.240
5270.000	6.000	-29.517	0.239
5280.000	6.000	-29.663	0.239
5290.000	6.000	-29.736	0.240
5300.000	6.000	-29.590	0.239
5310.000	6.000	-30.029	0.239
5320.000	6.000	-30.103	0.240
5330.000	6.000	-29.590	0.238
5340.000	6.000	-30.249	0.240
5350.000	6.000	-30.322	0.239
5360.000	6.000	-29.956	0.240
5370.000	6.000	-30.469	0.241
5380.000	6.000	-30.469	0.241
5390.000	6.000	-30.396	0.239
5400.000	6.000	-30.615	0.241
5410.000	6.000	-30.615	0.241
5420.000	6.000	-30.762	0.239
5430.000	6.000	-30.981	0.240
5440.000	6.000	-30.981	0.240
5450.000	6.000	-31.055	0.240
5460.000	6.000	-31.201	0.240
5470.000	6.000	-31.201	0.240
5480.000	6.000	-31.421	0.241
5490.000	6.000	-31.494	0.238
5500.000	6.000	-31.494	0.238
5510.000	6.000	-31.714	0.240
5520.000	6.000	-31.567	0.241
5530.000	6.000	-31.787	0.240
5540.000	6.000	-31.787	0.240
5550.000	6.000	-31.714	0.240
5560.000	6.000	-31.714	0.240
5570.000	6.000	-32.080	0.239
5580.000	6.000	-32.300	0.239
5590.000	6.000	-32.300	0.239
5600.000	6.000	-32.300	0.239
5610.000	6.000	-32.593	0.240
5620.000	6.000	-32.593	0.240
5630.000	6.000	-32.593	0.240
5640.000	6.000	-32.739	0.238
5650.000	6.000	-32.812	0.240
5660.000	6.000	-32.886	0.240
5670.000	6.000	-32.959	0.239
5680.000	6.000	-33.032	0.239
5690.000	6.000	-33.032	0.238
5700.000	6.000	-33.105	0.238
5710.000	6.000	-33.472	0.236
5720.000	6.000	-33.179	0.240
5730.000	6.000	-33.398	0.240
5740.000	6.000	-33.472	0.241
5750.000	6.000	-33.252	0.240
5760.000	6.000	-33.618	0.241
5770.000	6.000	-33.398	0.240
5780.000	6.000	-33.545	0.240
5790.000	6.000	-33.472	0.238
5800.000	6.000	-33.838	0.239
5810.000	6.000	-33.545	0.240
5820.000	6.000	-33.545	0.239
5830.000	6.000	-33.984	0.239
5840.000	6.000	-33.691	0.241
5850.000	6.000	-34.058	0.240
5860.000	6.000	-33.838	0.240
5870.000	6.000	-34.277	0.239
5880.000	6.000	-34.058	0.240
5890.000	6.000	-34.131	0.239
5900.000	6.000	-34.058	0.240
5910.000	6.000	-34.277	0.240
5920.000	6.000	-34.351	0.240
5930.000	6.000	-33.984	0.241
5940.000	6.000	-34.424	0.238
5950.000	6.000	-34.351	0.241
5960.000	6.000	-34.424	0.240
5970.000	6.000	-33.984	0.238
5980.000	6.000	-34.790	0.239
5990.000	6.000	-34.424	0.241
6000.000	6.000	-34.497	0.240
6010.000	6.000	-34.497	0.240
6020.000	6.000	-34.790	0.238
6030.000	6.000	-34.644	0.238
6040.000	6.000	-34.790	0.240
6050.000	6.000	-34.570	0.209
6060.000	6.000	-34.937	0.155
6070.000	6.000	-35.010	0.113
6080.000	6.000	-34.424	0.085
6090.000	6.000	-34.790	0.063
6100.000	6.000	-34.937	0.046
6110.000	6.000	-34.717	0.034
6120.000	6.000	-34.644	0.025
6130.000	6.000	-34.863	0.020
6140.000	6.000	-34.717	0.015
6150.000	6.000	-34.717	0.013
6160.000	6.000	-34.204	0.010
6170.000	6.000	-34.570	0.008
6180.000	6.000	-34.497	0.007
6190.000	6.000	-34.570	0.003
6200.000	6.000	-34.204	0.006
6210.000	6.000	-34.570	0.006
6220.000	6.000	-34.204	0.004
6230.000	6.000	-34.204	0.007
6240.000	6.000	-33.838	0.007
6250.000	6.000	-34.277	0.007
6260.000	6.000	-34.204	0.004
6270.000	6.000	-33.765	0.004
6280.000	6.000	-34.204	0.006
6290.000	6.000	-33.691	0.004
6300.000	6.000	-33.838	0.006
6310.000	6.000	-33.618	0.004
6320.000	6.000	-33.691	0.004
6330.000	6.000	-33.472	0.004
6340.000	6.000	-33.618	0.007
6350.000	6.000	-33.398	0.006
6360.000	6.000	-33.398	0.007
6370.000	6.000	-33.691	0.004
6380.000	6.000	-33.105	0.004
6390.000	6.000	-33.472	0.001
6400.000	6.000	-33.325	0.004
6410.000	6.000	-32.959	0.003
6420.000	6.000	-33.252	0.003
6430.000	6.000	-33.105	0.001
6440.000	6.000	-32.959	0.002
6450.000	6.000	-32.959	0.002
6460.000	6.000	-32.812	0.004
6470.000	6.000	-32.593	0.003
6480.000	6.000	-32.812	0.006
6490.000	6.000	-32.593	0.004
6500.000	6.000	-32.520	0.004
6510.000	6.000	-32.666	0.006
6520.000	6.000	-32.593	0.006
6530.000	6.000	-32.520	0.006
6540.000	6.000	-32.446	0.006
6550.000	6.000	-32.593	0.004
6560.000	6.000	-32.520	0.004
6570.000	6.000	-32.300	0.006
6580.000	6.000	-32.520	0.006
6590.000	6.000	-32.227	0.002
6600.000	6.000	-32.227	0.004
6610.000	6.000	-32.446	0.003
6620.000	6.000	-32.007	0.003
6630.000	6.000	-32.300	0.002
6640.000	6.000	-31.934	0.003
6650.000	6.000	-32.007	0.001
6660.000	6.000	-32.007	0.001
6670.000	6.000	-32.153	0.002
6680.000	6.000	-32.007	0.003
6690.000	6.000	-32.007	0.006
6700.000	6.000	-32.007	0.002
6710.000	6.000	-32.080	0.004
6720.000	6.000	-31.934	0.007
6730.000	6.000	-31.860	0.004
6740.000	6.000	-32.007	0.004
6750.000	6.000	-31.714	0.006
6760.000	6.000	-31.787	0.006
6770.000	6.000	-32.007	0.004
6780.000	6.000	-31.421	0.004
6790.000	6.000	-31.641	0.003
6800.000	6.000	-31.860	0.003
6810.000	6.000	-31.274	0.003
6820.000	6.000	-31.494	0.004
6830.000	6.000	-31.787	0.002
6840.000	6.000	-31.274	0.003
6850.000	6.000	-31.494	0.002
6860.000	6.000	-31.714	0.003
6870.000	6.000	-31.128	0.004
6880.000	6.000	-31.421	0.002
6890.000	6.000	-31.641	0.003
6900.000	6.000	-31.274	0.003
6910.000	6.000	-31.274	0.003
6920.000	6.000	-31.567	0.004
6930.000	6.000	-31.128	0.007
6940.000	6.000	-31.128	0.007
6950.000	6.000	-31.494	0.004
6960.000	6.000	-31.128	0.006
6970.000	6.000	-31.128	0.006
6980.000	6.000	-31.494	0.003
6990.000	6.000	-30.981	0.007
7000.000	6.000	-31.201	0.004
7010.000	6.000	-31.567	0.004
7020.000	6.000	-30.981	0.004
