%Time [ms]	Commanded Torque [mNm]	Angular Velocity [RPM]	Actual Current [Amp]	%10/7/20259:03 AM
0.000	0.000	0.000	0.000
20.000	2.000	0.000	0.003
30.000	2.000	0.000	0.003
40.000	2.000	0.000	0.006
50.000	2.000	0.000	0.003
60.000	2.000	0.000	0.004
70.000	2.000	0.000	0.004
80.000	2.000	0.000	0.003
90.000	2.000	0.000	0.001
100.000	2.000	0.000	0.002
110.000	2.000	0.000	0.003
120.000	2.000	0.000	0.007
130.000	2.000	0.000	0.004
140.000	2.000	0.000	0.003
150.000	2.000	0.000	0.004
160.000	2.000	0.000	0.007
170.000	2.000	0.000	0.006
180.000	2.000	0.000	0.007
190.000	2.000	0.000	0.004
200.000	2.000	0.000	0.007
210.000	2.000	0.000	0.004
220.000	2.000	0.000	0.007
230.000	2.000	0.000	0.004
240.000	2.000	0.000	0.006
250.000	2.000	0.000	0.006
260.000	2.000	0.000	0.007
270.000	2.000	0.000	0.007
280.000	2.000	0.000	0.004
290.000	2.000	0.000	0.007
300.000	2.000	0.000	0.007
310.000	2.000	0.000	0.006
320.000	2.000	0.000	0.006
330.000	2.000	0.000	0.006
340.000	2.000	0.000	0.007
350.000	2.000	0.000	0.007
360.000	2.000	0.000	0.007
370.000	2.000	0.000	0.004
380.000	2.000	0.000	0.004
390.000	2.000	0.000	0.006
400.000	2.000	0.000	0.003
410.000	2.000	0.000	0.007
420.000	2.000	0.000	0.008
430.000	2.000	0.000	0.008
440.000	2.000	0.000	0.006
450.000	2.000	0.000	0.006
460.000	2.000	0.000	0.004
470.000	2.000	0.000	0.004
480.000	2.000	0.000	0.007
490.000	2.000	0.000	0.004
500.000	2.000	0.000	0.004
510.000	2.000	0.000	0.007
520.000	2.000	0.000	0.007
530.000	2.000	0.000	0.007
540.000	2.000	0.000	0.003
550.000	2.000	0.000	0.004
560.000	2.000	0.000	0.004
570.000	2.000	0.000	0.006
580.000	2.000	0.000	0.004
590.000	2.000	0.000	0.007
600.000	2.000	0.000	0.004
610.000	2.000	0.000	0.004
620.000	2.000	0.000	0.004
630.000	2.000	0.000	0.004
640.000	2.000	0.000	0.006
650.000	2.000	0.000	0.007
660.000	2.000	0.000	0.006
670.000	2.000	0.000	0.004
680.000	2.000	0.000	0.006
690.000	2.000	0.000	0.006
700.000	2.000	0.000	0.004
710.000	2.000	0.000	0.004
720.000	2.000	0.000	0.004
730.000	2.000	0.000	0.006
740.000	2.000	0.000	0.006
750.000	2.000	0.000	0.007
760.000	2.000	0.000	0.002
770.000	2.000	0.000	0.006
780.000	2.000	0.000	0.007
790.000	2.000	0.000	0.001
800.000	2.000	0.000	0.004
810.000	2.000	0.000	0.004
820.000	2.000	0.000	0.007
830.000	2.000	0.000	0.007
840.000	2.000	0.000	0.004
850.000	2.000	0.000	0.002
860.000	2.000	0.000	0.002
870.000	2.000	0.000	0.006
880.000	2.000	0.000	0.004
890.000	2.000	0.000	0.007
900.000	2.000	0.000	0.003
910.000	2.000	0.000	0.001
920.000	2.000	0.000	0.006
930.000	2.000	0.000	0.001
940.000	2.000	0.000	0.002
950.000	2.000	0.000	0.003
960.000	2.000	0.000	0.007
970.000	2.000	0.000	0.002
980.000	2.000	0.000	0.007
990.000	2.000	0.000	0.006
1000.000	2.000	0.000	0.006
1010.000	2.000	0.000	0.004
1020.000	2.000	0.000	0.007
1030.000	2.000	0.000	0.004
1040.000	2.000	0.000	0.020
1050.000	2.000	0.000	0.037
1060.000	2.000	0.000	0.050
1070.000	2.000	0.000	0.058
1080.000	2.000	0.000	0.063
1090.000	2.000	0.000	0.068
1100.000	2.000	0.000	0.074
1110.000	2.000	-0.073	0.074
1120.000	2.000	-0.073	0.079
1130.000	2.000	-0.073	0.078
1140.000	2.000	-0.146	0.080
1150.000	2.000	-0.146	0.079
1160.000	2.000	-0.146	0.080
1170.000	2.000	-0.220	0.083
1180.000	2.000	-0.220	0.081
1190.000	2.000	-0.220	0.080
1200.000	2.000	-0.293	0.080
1210.000	2.000	-0.220	0.081
1220.000	2.000	-0.293	0.083
1230.000	2.000	-0.293	0.080
1240.000	2.000	-0.293	0.081
1250.000	2.000	-0.366	0.079
1260.000	2.000	-0.366	0.079
1270.000	2.000	-0.366	0.080
1280.000	2.000	-0.366	0.083
1290.000	2.000	-0.439	0.083
1300.000	2.000	-0.439	0.081
1310.000	2.000	-0.439	0.079
1320.000	2.000	-0.439	0.084
1330.000	2.000	-0.513	0.080
1340.000	2.000	-0.439	0.081
1350.000	2.000	-0.439	0.084
1360.000	2.000	-0.513	0.079
1370.000	2.000	-0.439	0.083
1380.000	2.000	-0.513	0.080
1390.000	2.000	-0.439	0.080
1400.000	2.000	-0.439	0.081
1410.000	2.000	-0.439	0.079
1420.000	2.000	-0.439	0.085
1430.000	2.000	-0.366	0.083
1440.000	2.000	-0.366	0.079
1450.000	2.000	-0.366	0.081
1460.000	2.000	-0.293	0.079
1470.000	2.000	-0.366	0.081
1480.000	2.000	-0.293	0.080
1490.000	2.000	-0.293	0.080
1500.000	2.000	-0.220	0.083
1510.000	2.000	-0.293	0.083
1520.000	2.000	-0.220	0.083
1530.000	2.000	-0.220	0.083
1540.000	2.000	-0.220	0.081
1550.000	2.000	-0.220	0.079
1560.000	2.000	-0.220	0.083
1570.000	2.000	-0.146	0.080
1580.000	2.000	-0.146	0.081
1590.000	2.000	-0.146	0.079
1600.000	2.000	-0.146	0.079
1610.000	2.000	-0.146	0.081
1620.000	2.000	-0.146	0.085
1630.000	2.000	-0.146	0.081
1640.000	2.000	-0.146	0.079
1650.000	2.000	-0.073	0.080
1660.000	2.000	-0.073	0.084
1670.000	2.000	-0.073	0.081
1680.000	2.000	-0.073	0.080
1690.000	2.000	-0.073	0.083
1700.000	2.000	-0.073	0.080
1710.000	2.000	0.000	0.081
1720.000	2.000	0.000	0.081
1730.000	2.000	0.000	0.083
1740.000	2.000	0.000	0.080
1750.000	2.000	0.000	0.080
1760.000	2.000	0.000	0.081
1770.000	2.000	0.000	0.081
1780.000	2.000	0.000	0.080
1790.000	2.000	0.073	0.081
1800.000	2.000	0.073	0.081
1810.000	2.000	0.073	0.084
1820.000	2.000	0.073	0.084
1830.000	2.000	0.073	0.080
1840.000	2.000	0.073	0.083
1850.000	2.000	0.073	0.081
1860.000	2.000	0.146	0.081
1870.000	2.000	0.146	0.083
1880.000	2.000	0.146	0.083
1890.000	2.000	0.073	0.084
1900.000	2.000	0.073	0.084
1910.000	2.000	0.073	0.080
1920.000	2.000	0.073	0.081
1930.000	2.000	0.073	0.080
1940.000	2.000	0.146	0.084
1950.000	2.000	0.146	0.081
1960.000	2.000	0.073	0.081
1970.000	2.000	0.073	0.084
1980.000	2.000	0.073	0.080
1990.000	2.000	0.073	0.081
2000.000	2.000	0.073	0.081
2010.000	2.000	0.073	0.081
2020.000	2.000	0.146	0.081
2030.000	2.000	0.146	0.081
2040.000	2.000	0.073	0.084
2050.000	2.000	0.073	0.083
2060.000	2.000	0.073	0.081
2070.000	2.000	0.073	0.081
2080.000	2.000	0.073	0.081
2090.000	2.000	0.073	0.080
2100.000	2.000	0.073	0.080
2110.000	2.000	0.073	0.081
2120.000	2.000	0.000	0.079
2130.000	2.000	0.000	0.081
2140.000	2.000	0.000	0.080
2150.000	2.000	0.000	0.081
2160.000	2.000	0.000	0.080
2170.000	2.000	0.000	0.081
2180.000	2.000	0.000	0.081
2190.000	2.000	0.000	0.081
2200.000	2.000	0.000	0.084
2210.000	2.000	0.000	0.081
2220.000	2.000	0.000	0.083
2230.000	2.000	0.000	0.080
2240.000	2.000	0.000	0.083
2250.000	2.000	-0.073	0.081
2260.000	2.000	-0.073	0.083
2270.000	2.000	-0.073	0.080
2280.000	2.000	-0.073	0.080
2290.000	2.000	-0.073	0.080
2300.000	2.000	-0.073	0.081
2310.000	2.000	-0.073	0.081
2320.000	2.000	-0.073	0.079
2330.000	2.000	-0.073	0.080
2340.000	2.000	-0.073	0.081
2350.000	2.000	0.000	0.084
2360.000	2.000	0.000	0.083
2370.000	2.000	0.000	0.083
2380.000	2.000	0.000	0.083
2390.000	2.000	0.000	0.079
2400.000	2.000	0.000	0.081
2410.000	2.000	0.000	0.079
2420.000	2.000	0.000	0.081
2430.000	2.000	0.000	0.080
2440.000	2.000	0.000	0.081
2450.000	2.000	0.000	0.080
2460.000	2.000	0.000	0.083
2470.000	2.000	0.000	0.079
2480.000	2.000	0.000	0.081
2490.000	2.000	0.000	0.083
2500.000	2.000	0.000	0.083
2510.000	2.000	0.000	0.081
2520.000	2.000	0.000	0.081
2530.000	2.000	0.000	0.083
2540.000	2.000	0.000	0.080
2550.000	2.000	0.000	0.083
2560.000	2.000	0.000	0.080
2570.000	2.000	0.000	0.079
2580.000	2.000	0.000	0.080
2590.000	2.000	0.000	0.080
2600.000	2.000	0.000	0.083
2610.000	2.000	0.000	0.080
2620.000	2.000	0.000	0.080
2630.000	2.000	0.000	0.080
2640.000	2.000	0.000	0.081
2650.000	2.000	0.000	0.081
2660.000	2.000	0.000	0.080
2670.000	2.000	0.000	0.080
2680.000	2.000	0.000	0.080
2690.000	2.000	0.000	0.080
2700.000	2.000	0.000	0.081
2710.000	2.000	0.000	0.081
2720.000	2.000	0.000	0.080
2730.000	2.000	0.000	0.081
2740.000	2.000	0.000	0.079
2750.000	2.000	0.000	0.081
2760.000	2.000	0.000	0.079
2770.000	2.000	0.000	0.080
2780.000	2.000	0.000	0.080
2790.000	2.000	0.000	0.079
2800.000	2.000	0.000	0.079
2810.000	2.000	0.000	0.080
2820.000	2.000	0.000	0.081
2830.000	2.000	0.000	0.081
2840.000	2.000	0.000	0.079
2850.000	2.000	0.000	0.081
2860.000	2.000	0.000	0.079
2870.000	2.000	0.000	0.084
2880.000	2.000	0.000	0.080
2890.000	2.000	0.000	0.080
2900.000	2.000	0.000	0.079
2910.000	2.000	0.000	0.080
2920.000	2.000	0.000	0.081
2930.000	2.000	0.000	0.083
2940.000	2.000	0.000	0.085
2950.000	2.000	0.000	0.083
2960.000	2.000	0.000	0.083
2970.000	2.000	0.000	0.080
2980.000	2.000	0.000	0.081
2990.000	2.000	0.000	0.084
3000.000	2.000	0.000	0.084
3010.000	2.000	0.000	0.083
3020.000	2.000	0.000	0.083
3030.000	2.000	0.000	0.084
3040.000	2.000	0.000	0.081
3050.000	2.000	0.000	0.079
3060.000	2.000	0.000	0.080
3070.000	2.000	0.000	0.080
3080.000	2.000	0.000	0.081
3090.000	2.000	0.000	0.079
3100.000	2.000	0.000	0.083
3110.000	2.000	0.000	0.085
3120.000	2.000	0.000	0.081
3130.000	2.000	0.000	0.079
3140.000	2.000	0.000	0.079
3150.000	2.000	0.000	0.083
3160.000	2.000	0.000	0.079
3170.000	2.000	0.000	0.083
3180.000	2.000	0.000	0.080
3190.000	2.000	0.000	0.080
3200.000	2.000	0.000	0.081
3210.000	2.000	0.000	0.079
3220.000	2.000	0.000	0.080
3230.000	2.000	0.000	0.081
3240.000	2.000	0.000	0.080
3250.000	2.000	0.000	0.080
3260.000	2.000	0.000	0.079
3270.000	2.000	0.000	0.080
3280.000	2.000	0.000	0.080
3290.000	2.000	0.000	0.079
3300.000	2.000	0.000	0.084
3310.000	2.000	0.000	0.081
3320.000	2.000	0.000	0.081
3330.000	2.000	0.000	0.084
3340.000	2.000	0.000	0.080
3350.000	2.000	0.000	0.080
3360.000	2.000	0.000	0.080
3370.000	2.000	0.000	0.081
3380.000	2.000	0.000	0.080
3390.000	2.000	0.000	0.080
3400.000	2.000	0.000	0.080
3410.000	2.000	0.000	0.081
3420.000	2.000	0.000	0.081
3430.000	2.000	0.000	0.084
3440.000	2.000	0.000	0.081
3450.000	2.000	0.000	0.081
3460.000	2.000	0.000	0.081
3470.000	2.000	0.000	0.079
3480.000	2.000	0.000	0.081
3490.000	2.000	0.000	0.080
3500.000	2.000	0.000	0.080
3510.000	2.000	0.000	0.079
3520.000	2.000	0.000	0.081
3530.000	2.000	0.000	0.079
3540.000	2.000	0.000	0.084
3550.000	2.000	0.000	0.080
3560.000	2.000	0.000	0.080
3570.000	2.000	0.000	0.081
3580.000	2.000	0.000	0.080
3590.000	2.000	0.000	0.081
3600.000	2.000	0.000	0.080
3610.000	2.000	0.000	0.079
3620.000	2.000	0.000	0.083
3630.000	2.000	0.000	0.083
3640.000	2.000	0.000	0.083
3650.000	2.000	0.000	0.079
3660.000	2.000	0.000	0.081
3670.000	2.000	0.000	0.081
3680.000	2.000	0.000	0.081
3690.000	2.000	0.000	0.081
3700.000	2.000	0.000	0.084
3710.000	2.000	0.000	0.080
3720.000	2.000	0.000	0.080
3730.000	2.000	0.000	0.080
3740.000	2.000	0.000	0.083
3750.000	2.000	0.000	0.080
3760.000	2.000	0.000	0.080
3770.000	2.000	0.000	0.080
3780.000	2.000	0.000	0.080
3790.000	2.000	0.000	0.080
3800.000	2.000	0.000	0.080
3810.000	2.000	0.000	0.083
3820.000	2.000	0.000	0.079
3830.000	2.000	0.000	0.081
3840.000	2.000	0.000	0.080
3850.000	2.000	0.000	0.080
3860.000	2.000	0.000	0.079
3870.000	2.000	0.000	0.084
3880.000	2.000	0.000	0.084
3890.000	2.000	0.000	0.083
3900.000	2.000	0.000	0.081
3910.000	2.000	0.000	0.080
3920.000	2.000	0.000	0.081
3930.000	2.000	0.000	0.080
3940.000	2.000	0.000	0.080
3950.000	2.000	0.000	0.080
3960.000	2.000	0.000	0.079
3970.000	2.000	0.000	0.081
3980.000	2.000	0.000	0.079
3990.000	2.000	0.000	0.084
4000.000	2.000	0.000	0.081
4010.000	2.000	0.000	0.081
4020.000	2.000	0.000	0.081
4030.000	2.000	0.000	0.081
4040.000	2.000	0.000	0.083
4050.000	2.000	0.000	0.081
4060.000	2.000	0.000	0.081
4070.000	2.000	0.000	0.083
4080.000	2.000	0.000	0.083
4090.000	2.000	0.000	0.080
4100.000	2.000	0.000	0.083
4110.000	2.000	0.000	0.079
4120.000	2.000	0.000	0.081
4130.000	2.000	0.000	0.083
4140.000	2.000	0.000	0.083
4150.000	2.000	0.000	0.079
4160.000	2.000	0.000	0.080
4170.000	2.000	0.000	0.081
4180.000	2.000	0.000	0.081
4190.000	2.000	0.000	0.081
4200.000	2.000	0.000	0.085
4210.000	2.000	0.000	0.084
4220.000	2.000	0.000	0.084
4230.000	2.000	0.000	0.081
4240.000	2.000	0.000	0.083
4250.000	2.000	0.000	0.081
4260.000	2.000	0.000	0.084
4270.000	2.000	0.000	0.083
4280.000	2.000	0.000	0.081
4290.000	2.000	0.000	0.084
4300.000	2.000	0.000	0.084
4310.000	2.000	0.000	0.085
4320.000	2.000	0.000	0.083
4330.000	2.000	0.000	0.084
4340.000	2.000	0.000	0.084
4350.000	2.000	0.000	0.084
4360.000	2.000	0.000	0.084
4370.000	2.000	0.000	0.081
4380.000	2.000	0.000	0.084
4390.000	2.000	0.000	0.085
4400.000	2.000	0.000	0.083
4410.000	2.000	0.000	0.081
4420.000	2.000	0.000	0.083
4430.000	2.000	0.000	0.084
4440.000	2.000	0.000	0.083
4450.000	2.000	0.000	0.084
4460.000	2.000	0.000	0.081
4470.000	2.000	0.000	0.084
4480.000	2.000	0.000	0.084
4490.000	2.000	0.000	0.083
4500.000	2.000	0.000	0.081
4510.000	2.000	0.000	0.079
4520.000	2.000	0.000	0.081
4530.000	2.000	0.000	0.079
4540.000	2.000	0.000	0.078
4550.000	2.000	0.000	0.080
4560.000	2.000	0.000	0.081
4570.000	2.000	0.000	0.080
4580.000	2.000	0.000	0.080
4590.000	2.000	0.000	0.080
4600.000	2.000	0.000	0.083
4610.000	2.000	0.000	0.081
4620.000	2.000	0.000	0.084
4630.000	2.000	0.000	0.084
4640.000	2.000	0.000	0.083
4650.000	2.000	0.000	0.080
4660.000	2.000	0.000	0.079
4670.000	2.000	0.000	0.083
4680.000	2.000	0.000	0.079
4690.000	2.000	0.000	0.080
4700.000	2.000	0.000	0.080
4710.000	2.000	0.000	0.079
4720.000	2.000	0.000	0.079
4730.000	2.000	0.000	0.081
4740.000	2.000	0.000	0.084
4750.000	2.000	0.000	0.083
4760.000	2.000	0.000	0.085
4770.000	2.000	0.000	0.081
4780.000	2.000	0.000	0.083
4790.000	2.000	0.000	0.083
4800.000	2.000	0.000	0.083
4810.000	2.000	0.000	0.083
4820.000	2.000	0.000	0.080
4830.000	2.000	0.000	0.080
4840.000	2.000	0.000	0.081
4850.000	2.000	0.000	0.083
4860.000	2.000	0.000	0.084
4870.000	2.000	0.000	0.084
4880.000	2.000	0.000	0.084
4890.000	2.000	0.000	0.081
4900.000	2.000	0.000	0.079
4910.000	2.000	0.000	0.084
4920.000	2.000	0.000	0.081
4930.000	2.000	0.000	0.083
4940.000	2.000	0.000	0.081
4950.000	2.000	0.000	0.079
4960.000	2.000	0.000	0.081
4970.000	2.000	0.000	0.083
4980.000	2.000	0.000	0.080
4990.000	2.000	0.000	0.084
5000.000	2.000	0.000	0.081
5010.000	2.000	0.000	0.080
5020.000	2.000	0.000	0.084
5030.000	2.000	0.000	0.084
5040.000	2.000	0.000	0.081
5050.000	2.000	0.000	0.079
5060.000	2.000	0.000	0.079
5070.000	2.000	0.000	0.083
5080.000	2.000	0.000	0.080
5090.000	2.000	0.000	0.080
5100.000	2.000	0.000	0.079
5110.000	2.000	0.000	0.079
5120.000	2.000	0.000	0.081
5130.000	2.000	0.000	0.080
5140.000	2.000	0.000	0.083
5150.000	2.000	0.000	0.080
5160.000	2.000	0.000	0.083
5170.000	2.000	0.000	0.084
5180.000	2.000	0.000	0.083
5190.000	2.000	0.000	0.083
5200.000	2.000	0.000	0.084
5210.000	2.000	0.000	0.084
5220.000	2.000	0.000	0.083
5230.000	2.000	0.000	0.081
5240.000	2.000	0.000	0.081
5250.000	2.000	0.000	0.079
5260.000	2.000	0.000	0.079
5270.000	2.000	0.000	0.079
5280.000	2.000	0.000	0.081
5290.000	2.000	0.000	0.080
5300.000	2.000	0.000	0.080
5310.000	2.000	0.000	0.080
5320.000	2.000	0.000	0.079
5330.000	2.000	0.000	0.083
5340.000	2.000	0.000	0.081
5350.000	2.000	0.000	0.080
5360.000	2.000	0.000	0.081
5370.000	2.000	0.000	0.083
5380.000	2.000	0.000	0.085
5390.000	2.000	0.000	0.083
5400.000	2.000	0.000	0.080
5410.000	2.000	0.000	0.080
5420.000	2.000	0.000	0.079
5430.000	2.000	0.000	0.079
5440.000	2.000	0.000	0.081
5450.000	2.000	0.000	0.083
5460.000	2.000	0.000	0.083
5470.000	2.000	0.000	0.079
5480.000	2.000	0.000	0.080
5490.000	2.000	0.000	0.081
5500.000	2.000	0.000	0.081
5510.000	2.000	0.000	0.079
5520.000	2.000	0.000	0.079
5530.000	2.000	0.000	0.079
5540.000	2.000	0.000	0.079
5550.000	2.000	0.000	0.079
5560.000	2.000	0.000	0.080
5570.000	2.000	0.000	0.081
5580.000	2.000	0.000	0.081
5590.000	2.000	0.000	0.079
5600.000	2.000	0.000	0.080
5610.000	2.000	0.000	0.080
5620.000	2.000	0.000	0.081
5630.000	2.000	0.000	0.081
5640.000	2.000	0.000	0.084
5650.000	2.000	0.000	0.081
5660.000	2.000	0.000	0.079
5670.000	2.000	0.000	0.085
5680.000	2.000	0.000	0.080
5690.000	2.000	0.000	0.080
5700.000	2.000	0.000	0.084
5710.000	2.000	0.000	0.079
5720.000	2.000	0.000	0.078
5730.000	2.000	0.000	0.080
5740.000	2.000	0.000	0.081
5750.000	2.000	0.000	0.081
5760.000	2.000	0.000	0.080
5770.000	2.000	0.000	0.083
5780.000	2.000	0.000	0.079
5790.000	2.000	0.000	0.079
5800.000	2.000	0.000	0.084
5810.000	2.000	0.000	0.081
5820.000	2.000	0.000	0.084
5830.000	2.000	0.000	0.081
5840.000	2.000	0.000	0.079
5850.000	2.000	0.000	0.083
5860.000	2.000	0.000	0.081
5870.000	2.000	0.000	0.080
5880.000	2.000	0.000	0.080
5890.000	2.000	0.000	0.081
5900.000	2.000	0.000	0.081
5910.000	2.000	0.000	0.080
5920.000	2.000	0.000	0.083
5930.000	2.000	0.000	0.083
5940.000	2.000	0.000	0.083
5950.000	2.000	0.000	0.085
5960.000	2.000	0.000	0.085
5970.000	2.000	0.000	0.083
5980.000	2.000	0.000	0.083
5990.000	2.000	0.000	0.084
6000.000	2.000	0.000	0.081
6010.000	2.000	0.000	0.081
6020.000	2.000	0.000	0.083
6030.000	2.000	0.000	0.085
6040.000	2.000	0.000	0.085
6050.000	2.000	0.000	0.053
6060.000	2.000	0.000	0.053
6070.000	2.000	0.000	0.040
6080.000	2.000	0.000	0.021
6090.000	2.000	0.000	0.021
6100.000	2.000	0.000	0.017
6110.000	2.000	0.000	0.010
6120.000	2.000	0.073	0.012
6130.000	2.000	0.073	0.012
6140.000	2.000	0.073	0.008
6150.000	2.000	0.146	0.009
6160.000	2.000	0.146	0.007
6170.000	2.000	0.146	0.006
6180.000	2.000	0.146	0.006
6190.000	2.000	0.220	0.004
6200.000	2.000	0.293	0.006
6210.000	2.000	0.293	0.006
6220.000	2.000	0.293	0.007
6230.000	2.000	0.293	0.006
6240.000	2.000	0.293	0.006
6250.000	2.000	0.366	0.006
6260.000	2.000	0.366	0.007
6270.000	2.000	0.366	0.007
6280.000	2.000	0.366	0.004
6290.000	2.000	0.439	0.006
6300.000	2.000	0.439	0.006
6310.000	2.000	0.439	0.004
6320.000	2.000	0.439	0.007
6330.000	2.000	0.439	0.007
6340.000	2.000	0.439	0.006
6350.000	2.000	0.439	0.004
6360.000	2.000	0.439	0.004
6370.000	2.000	0.439	0.008
6380.000	2.000	0.439	0.008
6390.000	2.000	0.439	0.007
6400.000	2.000	0.366	0.006
6410.000	2.000	0.293	0.006
6420.000	2.000	0.366	0.004
6430.000	2.000	0.293	0.007
6440.000	2.000	0.366	0.006
6450.000	2.000	0.293	0.006
6460.000	2.000	0.293	0.004
6470.000	2.000	0.220	0.007
6480.000	2.000	0.293	0.004
6490.000	2.000	0.220	0.007
6500.000	2.000	0.220	0.004
6510.000	2.000	0.220	0.004
6520.000	2.000	0.146	0.007
6530.000	2.000	0.220	0.006
6540.000	2.000	0.146	0.006
6550.000	2.000	0.146	0.007
6560.000	2.000	0.146	0.006
6570.000	2.000	0.146	0.003
6580.000	2.000	0.073	0.002
6590.000	2.000	0.073	0.006
6600.000	2.000	0.073	0.007
6610.000	2.000	0.073	0.007
6620.000	2.000	0.073	0.002
6630.000	2.000	0.000	0.001
6640.000	2.000	0.000	0.003
6650.000	2.000	0.000	0.003
6660.000	2.000	0.000	0.006
6670.000	2.000	0.000	0.007
6680.000	2.000	0.000	0.006
6690.000	2.000	0.000	0.007
6700.000	2.000	-0.073	0.006
6710.000	2.000	-0.073	0.006
6720.000	2.000	-0.073	0.007
6730.000	2.000	-0.073	0.006
6740.000	2.000	-0.146	0.007
6750.000	2.000	-0.146	0.006
6760.000	2.000	-0.146	0.002
6770.000	2.000	-0.146	0.004
6780.000	2.000	-0.146	0.006
6790.000	2.000	-0.146	0.003
6800.000	2.000	-0.146	0.006
6810.000	2.000	-0.146	0.006
6820.000	2.000	-0.146	0.004
6830.000	2.000	-0.146	0.007
6840.000	2.000	-0.146	0.007
6850.000	2.000	-0.146	0.004
6860.000	2.000	-0.146	0.008
6870.000	2.000	-0.146	0.008
6880.000	2.000	-0.220	0.007
6890.000	2.000	-0.146	0.003
6900.000	2.000	-0.146	0.003
6910.000	2.000	-0.146	0.003
6920.000	2.000	-0.146	0.006
6930.000	2.000	-0.146	0.006
6940.000	2.000	-0.073	0.004
6950.000	2.000	-0.146	0.004
6960.000	2.000	-0.146	0.004
6970.000	2.000	-0.146	0.004
6980.000	2.000	-0.073	0.006
6990.000	2.000	-0.073	0.006
7000.000	2.000	-0.073	0.007
7010.000	2.000	-0.073	0.006
7020.000	2.000	-0.073	0.006
20.000	2.000	0.000	0.007
30.000	2.000	0.000	0.006
40.000	2.000	0.000	0.004
50.000	2.000	0.000	0.003
60.000	2.000	0.000	0.004
70.000	2.000	0.000	0.007
80.000	2.000	0.000	0.004
90.000	2.000	0.000	0.004
100.000	2.000	0.000	0.006
110.000	2.000	0.000	0.002
120.000	2.000	0.000	0.003
130.000	2.000	0.000	0.007
140.000	2.000	0.000	0.004
150.000	2.000	0.000	0.004
160.000	2.000	0.000	0.006
170.000	2.000	0.000	0.002
180.000	2.000	0.000	0.002
190.000	2.000	0.000	0.004
200.000	2.000	0.000	0.007
210.000	2.000	0.000	0.007
220.000	2.000	0.000	0.004
230.000	2.000	0.000	0.001
240.000	2.000	0.000	0.004
250.000	2.000	0.000	0.004
260.000	2.000	0.000	0.007
270.000	2.000	0.000	0.003
280.000	2.000	0.000	0.003
290.000	2.000	0.000	0.004
300.000	2.000	0.000	0.002
310.000	2.000	0.000	0.007
320.000	2.000	0.000	0.006
330.000	2.000	0.000	0.004
340.000	2.000	0.000	0.004
350.000	2.000	0.000	0.002
360.000	2.000	0.000	0.003
370.000	2.000	0.000	0.003
380.000	2.000	0.000	0.002
390.000	2.000	0.000	0.006
400.000	2.000	0.000	0.007
410.000	2.000	0.000	0.003
420.000	2.000	0.000	0.004
430.000	2.000	0.000	0.004
440.000	2.000	0.000	0.007
450.000	2.000	0.000	0.004
460.000	2.000	0.000	0.007
470.000	2.000	0.000	0.006
480.000	2.000	0.000	0.006
490.000	2.000	0.000	0.006
500.000	2.000	0.000	0.006
510.000	2.000	0.000	0.004
520.000	2.000	0.000	0.003
530.000	2.000	0.000	0.007
540.000	2.000	0.000	0.006
550.000	2.000	0.000	0.004
560.000	2.000	0.000	0.004
570.000	2.000	0.000	0.006
580.000	2.000	0.000	0.004
590.000	2.000	0.000	0.004
600.000	2.000	0.000	0.006
610.000	2.000	0.000	0.004
620.000	2.000	0.000	0.003
630.000	2.000	0.000	0.006
640.000	2.000	0.000	0.002
650.000	2.000	0.000	0.006
660.000	2.000	0.000	0.004
670.000	2.000	0.000	0.002
680.000	2.000	0.000	0.004
690.000	2.000	0.000	0.002
700.000	2.000	0.000	0.004
710.000	2.000	0.000	0.006
720.000	2.000	0.000	0.003
730.000	2.000	0.000	0.007
740.000	2.000	0.000	0.006
750.000	2.000	0.000	0.006
760.000	2.000	0.000	0.003
770.000	2.000	0.000	0.002
780.000	2.000	0.000	0.004
790.000	2.000	0.000	0.004
800.000	2.000	0.000	0.006
810.000	2.000	0.000	0.004
820.000	2.000	0.000	0.002
830.000	2.000	0.000	0.006
840.000	2.000	0.000	0.003
850.000	2.000	0.000	0.003
860.000	2.000	0.000	0.007
870.000	2.000	0.000	0.002
880.000	2.000	0.000	0.004
890.000	2.000	0.000	0.007
900.000	2.000	0.000	0.002
910.000	2.000	0.000	0.004
920.000	2.000	0.000	0.003
930.000	2.000	0.000	0.004
940.000	2.000	0.000	0.004
950.000	2.000	0.000	0.004
960.000	2.000	0.000	0.004
970.000	2.000	0.000	0.007
980.000	2.000	0.000	0.007
990.000	2.000	0.000	0.004
1000.000	2.000	0.000	0.006
1010.000	2.000	0.000	0.004
1020.000	2.000	0.000	0.004
1030.000	2.000	0.000	0.004
1040.000	2.000	0.000	0.004
1050.000	2.000	0.000	0.018
1060.000	2.000	0.000	0.037
1070.000	2.000	0.000	0.050
1080.000	2.000	0.000	0.059
1090.000	2.000	0.000	0.064
1100.000	2.000	0.000	0.069
1110.000	2.000	0.000	0.072
1120.000	2.000	0.000	0.075
1130.000	2.000	-0.073	0.076
1140.000	2.000	-0.073	0.079
1150.000	2.000	-0.073	0.081
1160.000	2.000	-0.146	0.081
1170.000	2.000	-0.146	0.080
1180.000	2.000	-0.220	0.080
1190.000	2.000	-0.220	0.080
1200.000	2.000	-0.293	0.079
1210.000	2.000	-0.293	0.080
1220.000	2.000	-0.366	0.081
1230.000	2.000	-0.293	0.080
1240.000	2.000	-0.366	0.083
1250.000	2.000	-0.439	0.084
1260.000	2.000	-0.366	0.085
1270.000	2.000	-0.439	0.080
1280.000	2.000	-0.366	0.081
1290.000	2.000	-0.439	0.081
1300.000	2.000	-0.366	0.080
1310.000	2.000	-0.439	0.081
1320.000	2.000	-0.366	0.079
1330.000	2.000	-0.439	0.079
1340.000	2.000	-0.366	0.081
1350.000	2.000	-0.293	0.083
1360.000	2.000	-0.366	0.081
1370.000	2.000	-0.293	0.080
1380.000	2.000	-0.293	0.083
1390.000	2.000	-0.220	0.081
1400.000	2.000	-0.293	0.083
1410.000	2.000	-0.220	0.079
1420.000	2.000	-0.220	0.081
1430.000	2.000	-0.146	0.080
1440.000	2.000	-0.220	0.080
1450.000	2.000	-0.220	0.080
1460.000	2.000	-0.146	0.081
1470.000	2.000	-0.146	0.081
1480.000	2.000	-0.146	0.080
1490.000	2.000	-0.146	0.085
1500.000	2.000	-0.073	0.079
1510.000	2.000	-0.073	0.079
1520.000	2.000	-0.073	0.078
1530.000	2.000	-0.073	0.081
1540.000	2.000	0.000	0.080
1550.000	2.000	0.000	0.080
1560.000	2.000	0.000	0.080
1570.000	2.000	0.000	0.079
1580.000	2.000	0.000	0.083
1590.000	2.000	0.073	0.081
1600.000	2.000	0.073	0.080
1610.000	2.000	0.073	0.084
1620.000	2.000	0.073	0.083
1630.000	2.000	0.073	0.083
1640.000	2.000	0.146	0.081
1650.000	2.000	0.146	0.080
1660.000	2.000	0.146	0.080
1670.000	2.000	0.146	0.080
1680.000	2.000	0.146	0.080
1690.000	2.000	0.146	0.081
1700.000	2.000	0.146	0.081
1710.000	2.000	0.146	0.084
1720.000	2.000	0.146	0.080
1730.000	2.000	0.220	0.081
1740.000	2.000	0.146	0.084
1750.000	2.000	0.146	0.083
1760.000	2.000	0.146	0.085
1770.000	2.000	0.146	0.083
1780.000	2.000	0.220	0.080
1790.000	2.000	0.146	0.081
1800.000	2.000	0.146	0.083
1810.000	2.000	0.146	0.085
1820.000	2.000	0.146	0.083
1830.000	2.000	0.073	0.083
1840.000	2.000	0.073	0.083
1850.000	2.000	0.073	0.083
1860.000	2.000	0.073	0.084
1870.000	2.000	0.073	0.084
1880.000	2.000	0.000	0.081
1890.000	2.000	0.000	0.081
1900.000	2.000	0.000	0.081
1910.000	2.000	0.000	0.083
1920.000	2.000	0.000	0.084
1930.000	2.000	0.000	0.084
1940.000	2.000	-0.073	0.085
1950.000	2.000	-0.073	0.083
1960.000	2.000	-0.073	0.083
1970.000	2.000	-0.073	0.083
1980.000	2.000	-0.073	0.083
1990.000	2.000	-0.073	0.085
2000.000	2.000	-0.146	0.081
2010.000	2.000	-0.146	0.084
2020.000	2.000	-0.146	0.081
2030.000	2.000	-0.146	0.084
2040.000	2.000	-0.073	0.080
2050.000	2.000	-0.073	0.079
2060.000	2.000	-0.073	0.083
2070.000	2.000	-0.073	0.084
2080.000	2.000	-0.146	0.084
2090.000	2.000	-0.146	0.081
2100.000	2.000	-0.073	0.081
2110.000	2.000	-0.073	0.081
2120.000	2.000	-0.073	0.081
2130.000	2.000	-0.073	0.083
2140.000	2.000	-0.073	0.084
2150.000	2.000	-0.073	0.079
2160.000	2.000	-0.073	0.083
2170.000	2.000	-0.073	0.079
2180.000	2.000	0.000	0.083
2190.000	2.000	0.000	0.083
2200.000	2.000	0.000	0.084
2210.000	2.000	0.000	0.080
2220.000	2.000	0.000	0.081
2230.000	2.000	0.000	0.083
2240.000	2.000	0.000	0.081
2250.000	2.000	0.000	0.079
2260.000	2.000	0.000	0.081
2270.000	2.000	0.000	0.079
2280.000	2.000	0.000	0.079
2290.000	2.000	0.000	0.078
2300.000	2.000	0.000	0.080
2310.000	2.000	0.000	0.081
2320.000	2.000	0.000	0.081
2330.000	2.000	0.000	0.080
2340.000	2.000	0.000	0.081
2350.000	2.000	0.000	0.081
2360.000	2.000	0.000	0.079
2370.000	2.000	0.000	0.081
2380.000	2.000	0.000	0.079
2390.000	2.000	0.000	0.081
2400.000	2.000	0.073	0.079
2410.000	2.000	0.073	0.081
2420.000	2.000	0.073	0.084
2430.000	2.000	0.073	0.084
2440.000	2.000	0.073	0.081
2450.000	2.000	0.073	0.079
2460.000	2.000	0.073	0.081
2470.000	2.000	0.073	0.081
2480.000	2.000	0.073	0.084
2490.000	2.000	0.073	0.084
2500.000	2.000	0.000	0.081
2510.000	2.000	0.000	0.081
2520.000	2.000	0.000	0.081
2530.000	2.000	0.000	0.079
2540.000	2.000	0.000	0.085
2550.000	2.000	0.000	0.079
2560.000	2.000	0.000	0.081
2570.000	2.000	0.000	0.079
2580.000	2.000	0.000	0.080
2590.000	2.000	0.000	0.081
2600.000	2.000	0.000	0.080
2610.000	2.000	0.000	0.079
2620.000	2.000	0.000	0.080
2630.000	2.000	0.000	0.079
2640.000	2.000	0.000	0.081
2650.000	2.000	0.000	0.080
2660.000	2.000	0.000	0.081
2670.000	2.000	0.000	0.084
2680.000	2.000	0.000	0.079
2690.000	2.000	0.000	0.080
2700.000	2.000	0.000	0.083
2710.000	2.000	0.000	0.083
2720.000	2.000	0.000	0.083
2730.000	2.000	0.000	0.081
2740.000	2.000	0.000	0.083
2750.000	2.000	-0.073	0.079
2760.000	2.000	-0.073	0.081
2770.000	2.000	-0.073	0.080
2780.000	2.000	-0.073	0.080
2790.000	2.000	-0.073	0.080
2800.000	2.000	-0.073	0.080
2810.000	2.000	-0.073	0.080
2820.000	2.000	-0.073	0.081
2830.000	2.000	-0.073	0.084
2840.000	2.000	-0.073	0.084
2850.000	2.000	0.000	0.083
2860.000	2.000	0.000	0.080
2870.000	2.000	0.000	0.084
2880.000	2.000	0.000	0.081
2890.000	2.000	0.000	0.081
2900.000	2.000	0.000	0.083
2910.000	2.000	0.000	0.084
2920.000	2.000	0.000	0.079
2930.000	2.000	0.000	0.083
2940.000	2.000	0.000	0.080
2950.000	2.000	0.000	0.081
2960.000	2.000	0.000	0.081
2970.000	2.000	0.000	0.079
2980.000	2.000	0.000	0.080
2990.000	2.000	0.000	0.084
3000.000	2.000	0.000	0.080
3010.000	2.000	0.000	0.081
3020.000	2.000	0.000	0.079
3030.000	2.000	0.000	0.079
3040.000	2.000	0.000	0.080
3050.000	2.000	0.000	0.081
3060.000	2.000	0.000	0.083
3070.000	2.000	0.000	0.084
3080.000	2.000	0.000	0.080
3090.000	2.000	0.000	0.080
3100.000	2.000	0.000	0.081
3110.000	2.000	0.000	0.079
3120.000	2.000	0.000	0.079
3130.000	2.000	0.000	0.085
3140.000	2.000	0.000	0.083
3150.000	2.000	0.000	0.080
3160.000	2.000	0.000	0.079
3170.000	2.000	0.000	0.080
3180.000	2.000	0.000	0.079
3190.000	2.000	0.000	0.080
3200.000	2.000	0.000	0.081
3210.000	2.000	0.000	0.081
3220.000	2.000	0.000	0.081
3230.000	2.000	0.000	0.079
3240.000	2.000	0.000	0.085
3250.000	2.000	0.000	0.083
3260.000	2.000	0.000	0.080
3270.000	2.000	0.000	0.083
3280.000	2.000	0.000	0.081
3290.000	2.000	0.000	0.081
3300.000	2.000	0.000	0.080
3310.000	2.000	0.000	0.080
3320.000	2.000	0.000	0.084
3330.000	2.000	0.000	0.080
3340.000	2.000	0.000	0.081
3350.000	2.000	0.000	0.081
3360.000	2.000	0.000	0.081
3370.000	2.000	0.000	0.081
3380.000	2.000	0.000	0.079
3390.000	2.000	0.000	0.080
3400.000	2.000	0.000	0.078
3410.000	2.000	0.000	0.079
3420.000	2.000	0.000	0.083
3430.000	2.000	0.000	0.081
3440.000	2.000	0.000	0.080
3450.000	2.000	0.000	0.080
3460.000	2.000	0.000	0.081
3470.000	2.000	0.000	0.080
3480.000	2.000	0.000	0.081
3490.000	2.000	0.000	0.079
3500.000	2.000	0.000	0.080
3510.000	2.000	0.000	0.080
3520.000	2.000	0.000	0.080
3530.000	2.000	0.000	0.080
3540.000	2.000	0.000	0.080
3550.000	2.000	0.000	0.080
3560.000	2.000	0.000	0.083
3570.000	2.000	0.000	0.081
3580.000	2.000	0.000	0.080
3590.000	2.000	0.000	0.081
3600.000	2.000	0.000	0.081
3610.000	2.000	0.000	0.081
3620.000	2.000	0.000	0.079
3630.000	2.000	0.000	0.080
3640.000	2.000	0.000	0.080
3650.000	2.000	0.000	0.080
3660.000	2.000	0.000	0.080
3670.000	2.000	0.000	0.080
3680.000	2.000	0.000	0.081
3690.000	2.000	0.000	0.080
3700.000	2.000	0.000	0.079
3710.000	2.000	0.000	0.081
3720.000	2.000	0.000	0.080
3730.000	2.000	0.000	0.081
3740.000	2.000	0.000	0.079
3750.000	2.000	0.000	0.080
3760.000	2.000	0.000	0.081
3770.000	2.000	0.000	0.081
3780.000	2.000	0.000	0.079
3790.000	2.000	0.000	0.079
3800.000	2.000	0.000	0.079
3810.000	2.000	0.000	0.078
3820.000	2.000	0.000	0.080
3830.000	2.000	0.000	0.080
3840.000	2.000	0.000	0.079
3850.000	2.000	0.000	0.083
3860.000	2.000	0.000	0.080
3870.000	2.000	0.000	0.085
3880.000	2.000	0.000	0.083
3890.000	2.000	0.000	0.080
3900.000	2.000	0.000	0.080
3910.000	2.000	0.000	0.081
3920.000	2.000	0.000	0.081
3930.000	2.000	0.000	0.079
3940.000	2.000	0.000	0.078
3950.000	2.000	0.000	0.078
3960.000	2.000	0.000	0.083
3970.000	2.000	0.000	0.081
3980.000	2.000	0.000	0.083
3990.000	2.000	0.000	0.081
4000.000	2.000	0.000	0.081
4010.000	2.000	0.000	0.080
4020.000	2.000	0.000	0.080
4030.000	2.000	0.000	0.078
4040.000	2.000	0.000	0.079
4050.000	2.000	0.000	0.081
4060.000	2.000	0.000	0.083
4070.000	2.000	0.000	0.083
4080.000	2.000	0.000	0.079
4090.000	2.000	0.000	0.079
4100.000	2.000	0.000	0.081
4110.000	2.000	0.000	0.081
4120.000	2.000	0.000	0.079
4130.000	2.000	0.000	0.083
4140.000	2.000	0.000	0.083
4150.000	2.000	0.000	0.083
4160.000	2.000	0.000	0.078
4170.000	2.000	0.000	0.080
4180.000	2.000	0.000	0.080
4190.000	2.000	0.000	0.083
4200.000	2.000	0.000	0.084
4210.000	2.000	0.000	0.084
4220.000	2.000	0.000	0.081
4230.000	2.000	0.000	0.081
4240.000	2.000	0.000	0.081
4250.000	2.000	0.000	0.078
4260.000	2.000	0.000	0.081
4270.000	2.000	0.000	0.081
4280.000	2.000	0.000	0.081
4290.000	2.000	0.000	0.081
4300.000	2.000	0.000	0.081
4310.000	2.000	0.000	0.083
4320.000	2.000	0.000	0.080
4330.000	2.000	0.000	0.080
4340.000	2.000	0.000	0.081
4350.000	2.000	0.000	0.083
4360.000	2.000	0.000	0.083
4370.000	2.000	0.000	0.085
4380.000	2.000	0.000	0.078
4390.000	2.000	0.000	0.078
4400.000	2.000	0.000	0.080
4410.000	2.000	0.000	0.078
4420.000	2.000	0.000	0.078
4430.000	2.000	0.000	0.084
4440.000	2.000	0.000	0.080
4450.000	2.000	0.000	0.080
4460.000	2.000	0.000	0.080
4470.000	2.000	0.000	0.083
4480.000	2.000	0.000	0.083
4490.000	2.000	0.000	0.080
4500.000	2.000	0.000	0.081
4510.000	2.000	0.000	0.081
4520.000	2.000	0.000	0.081
4530.000	2.000	0.000	0.080
4540.000	2.000	0.000	0.080
4550.000	2.000	0.000	0.079
4560.000	2.000	0.000	0.083
4570.000	2.000	0.000	0.083
4580.000	2.000	0.000	0.080
4590.000	2.000	0.000	0.083
4600.000	2.000	0.000	0.083
4610.000	2.000	0.000	0.083
4620.000	2.000	0.000	0.080
4630.000	2.000	0.000	0.080
4640.000	2.000	0.000	0.080
4650.000	2.000	0.000	0.080
4660.000	2.000	0.000	0.080
4670.000	2.000	0.000	0.079
4680.000	2.000	0.000	0.079
4690.000	2.000	0.000	0.079
4700.000	2.000	0.000	0.080
4710.000	2.000	0.000	0.080
4720.000	2.000	0.000	0.080
4730.000	2.000	0.000	0.079
4740.000	2.000	0.000	0.081
4750.000	2.000	0.000	0.081
4760.000	2.000	0.000	0.079
4770.000	2.000	0.000	0.084
4780.000	2.000	0.000	0.084
4790.000	2.000	0.000	0.080
4800.000	2.000	0.000	0.084
4810.000	2.000	0.000	0.084
4820.000	2.000	0.000	0.081
4830.000	2.000	0.000	0.081
4840.000	2.000	0.000	0.079
4850.000	2.000	0.000	0.079
4860.000	2.000	0.000	0.079
4870.000	2.000	0.000	0.079
4880.000	2.000	0.000	0.080
4890.000	2.000	0.000	0.081
4900.000	2.000	0.000	0.081
4910.000	2.000	0.000	0.080
4920.000	2.000	0.000	0.080
4930.000	2.000	0.000	0.080
4940.000	2.000	0.000	0.080
4950.000	2.000	0.000	0.079
4960.000	2.000	0.000	0.079
4970.000	2.000	0.000	0.079
4980.000	2.000	0.000	0.080
4990.000	2.000	0.000	0.080
5000.000	2.000	0.000	0.079
5010.000	2.000	0.000	0.081
5020.000	2.000	0.000	0.081
5030.000	2.000	0.000	0.080
5040.000	2.000	0.000	0.081
5050.000	2.000	0.000	0.081
5060.000	2.000	0.000	0.080
5070.000	2.000	0.000	0.080
5080.000	2.000	0.000	0.080
5090.000	2.000	0.000	0.080
5100.000	2.000	0.000	0.079
5110.000	2.000	0.000	0.079
5120.000	2.000	0.000	0.081
5130.000	2.000	0.000	0.080
5140.000	2.000	0.000	0.080
5150.000	2.000	0.000	0.080
5160.000	2.000	0.000	0.079
5170.000	2.000	0.000	0.079
5180.000	2.000	0.000	0.080
5190.000	2.000	0.000	0.080
5200.000	2.000	0.000	0.080
5210.000	2.000	0.000	0.081
5220.000	2.000	0.000	0.083
5230.000	2.000	0.000	0.083
5240.000	2.000	0.000	0.084
5250.000	2.000	0.000	0.079
5260.000	2.000	0.000	0.079
5270.000	2.000	0.000	0.080
5280.000	2.000	0.000	0.081
5290.000	2.000	0.000	0.081
5300.000	2.000	0.000	0.080
5310.000	2.000	0.000	0.083
5320.000	2.000	0.000	0.083
5330.000	2.000	0.000	0.084
5340.000	2.000	0.000	0.081
5350.000	2.000	0.000	0.080
5360.000	2.000	0.000	0.081
5370.000	2.000	0.000	0.083
5380.000	2.000	0.000	0.080
5390.000	2.000	0.000	0.079
5400.000	2.000	0.000	0.081
5410.000	2.000	0.000	0.080
5420.000	2.000	0.000	0.081
5430.000	2.000	0.000	0.081
5440.000	2.000	0.000	0.081
5450.000	2.000	0.000	0.083
5460.000	2.000	0.000	0.079
5470.000	2.000	0.000	0.080
5480.000	2.000	0.000	0.084
5490.000	2.000	0.000	0.079
5500.000	2.000	0.000	0.079
5510.000	2.000	0.000	0.080
5520.000	2.000	0.000	0.080
5530.000	2.000	0.000	0.080
5540.000	2.000	0.000	0.083
5550.000	2.000	0.000	0.080
5560.000	2.000	0.000	0.081
5570.000	2.000	0.000	0.083
5580.000	2.000	0.000	0.083
5590.000	2.000	0.000	0.081
5600.000	2.000	0.000	0.081
5610.000	2.000	0.000	0.083
5620.000	2.000	0.000	0.079
5630.000	2.000	0.000	0.084
5640.000	2.000	0.000	0.080
5650.000	2.000	0.000	0.079
5660.000	2.000	0.000	0.081
5670.000	2.000	0.000	0.079
5680.000	2.000	0.000	0.079
5690.000	2.000	0.000	0.079
5700.000	2.000	0.000	0.080
5710.000	2.000	0.000	0.080
5720.000	2.000	0.000	0.081
5730.000	2.000	0.000	0.081
5740.000	2.000	0.000	0.081
5750.000	2.000	0.000	0.081
5760.000	2.000	0.000	0.083
5770.000	2.000	0.000	0.083
5780.000	2.000	0.000	0.081
5790.000	2.000	0.000	0.084
5800.000	2.000	0.000	0.084
5810.000	2.000	0.000	0.079
5820.000	2.000	0.000	0.081
5830.000	2.000	0.000	0.081
5840.000	2.000	0.000	0.079
5850.000	2.000	0.000	0.081
5860.000	2.000	0.000	0.081
5870.000	2.000	0.000	0.083
5880.000	2.000	0.000	0.080
5890.000	2.000	0.000	0.081
5900.000	2.000	0.000	0.083
5910.000	2.000	0.000	0.081
5920.000	2.000	0.000	0.084
5930.000	2.000	0.000	0.083
5940.000	2.000	0.000	0.080
5950.000	2.000	0.000	0.079
5960.000	2.000	0.000	0.084
5970.000	2.000	0.000	0.081
5980.000	2.000	0.000	0.085
5990.000	2.000	0.000	0.081
6000.000	2.000	0.000	0.079
6010.000	2.000	0.000	0.081
6020.000	2.000	0.000	0.084
6030.000	2.000	0.000	0.080
6040.000	2.000	0.000	0.081
6050.000	2.000	0.000	0.068
6060.000	2.000	0.000	0.051
6070.000	2.000	0.000	0.039
6080.000	2.000	0.000	0.030
6090.000	2.000	0.000	0.023
6100.000	2.000	0.000	0.017
6110.000	2.000	0.000	0.014
6120.000	2.000	0.000	0.008
6130.000	2.000	0.073	0.009
6140.000	2.000	0.073	0.007
6150.000	2.000	0.073	0.008
6160.000	2.000	0.146	0.007
6170.000	2.000	0.146	0.006
6180.000	2.000	0.220	0.006
6190.000	2.000	0.220	0.006
6200.000	2.000	0.293	0.006
6210.000	2.000	0.293	0.004
6220.000	2.000	0.366	0.004
6230.000	2.000	0.293	0.004
6240.000	2.000	0.366	0.003
6250.000	2.000	0.439	0.002
6260.000	2.000	0.366	0.006
6270.000	2.000	0.366	0.006
6280.000	2.000	0.366	0.004
6290.000	2.000	0.366	0.003
6300.000	2.000	0.366	0.004
6310.000	2.000	0.366	0.002
6320.000	2.000	0.366	0.003
6330.000	2.000	0.366	0.003
6340.000	2.000	0.366	0.004
6350.000	2.000	0.293	0.004
6360.000	2.000	0.293	0.003
6370.000	2.000	0.366	0.002
6380.000	2.000	0.293	0.002
6390.000	2.000	0.293	0.006
6400.000	2.000	0.220	0.002
6410.000	2.000	0.293	0.003
6420.000	2.000	0.220	0.002
6430.000	2.000	0.220	0.001
6440.000	2.000	0.146	0.002
6450.000	2.000	0.146	0.007
6460.000	2.000	0.220	0.004
6470.000	2.000	0.146	0.006
6480.000	2.000	0.146	0.006
6490.000	2.000	0.146	0.006
6500.000	2.000	0.146	0.006
6510.000	2.000	0.073	0.006
6520.000	2.000	0.073	0.004
6530.000	2.000	0.073	0.007
6540.000	2.000	0.073	0.004
6550.000	2.000	0.073	0.003
6560.000	2.000	0.000	0.003
6570.000	2.000	0.000	0.002
6580.000	2.000	0.000	0.002
6590.000	2.000	0.000	0.002
6600.000	2.000	0.000	0.006
6610.000	2.000	-0.073	0.004
6620.000	2.000	-0.073	0.004
6630.000	2.000	-0.073	0.007
6640.000	2.000	-0.073	0.002
6650.000	2.000	-0.073	0.003
6660.000	2.000	-0.073	0.001
6670.000	2.000	-0.073	0.007
6680.000	2.000	-0.146	0.007
6690.000	2.000	-0.146	0.007
6700.000	2.000	-0.146	0.003
6710.000	2.000	-0.073	0.004
6720.000	2.000	-0.073	0.004
6730.000	2.000	-0.146	0.004
6740.000	2.000	-0.146	0.006
6750.000	2.000	-0.146	0.004
6760.000	2.000	-0.146	0.004
6770.000	2.000	-0.220	0.006
6780.000	2.000	-0.146	0.003
6790.000	2.000	-0.146	0.006
6800.000	2.000	-0.146	0.003
6810.000	2.000	-0.146	0.003
6820.000	2.000	-0.146	0.003
6830.000	2.000	-0.073	0.004
6840.000	2.000	-0.073	0.007
6850.000	2.000	-0.146	0.004
6860.000	2.000	-0.146	0.006
6870.000	2.000	-0.073	0.007
6880.000	2.000	-0.073	0.008
6890.000	2.000	-0.073	0.007
6900.000	2.000	-0.073	0.004
6910.000	2.000	-0.073	0.006
6920.000	2.000	-0.073	0.004
6930.000	2.000	-0.073	0.003
6940.000	2.000	-0.073	0.003
6950.000	2.000	0.000	0.006
6960.000	2.000	0.000	0.006
6970.000	2.000	0.000	0.006
6980.000	2.000	0.000	0.007
6990.000	2.000	0.000	0.006
7000.000	2.000	0.000	0.006
7010.000	2.000	0.000	0.003
7020.000	2.000	0.073	0.006
