%Time [ms]	Commanded Torque [mNm]	Angular Velocity [RPM]	Actual Current [Amp]	%10/7/20259:00 AM
0.000	0.000	0.000	0.000
20.000	8.000	0.000	0.004
30.000	8.000	0.000	0.007
40.000	8.000	0.000	0.006
50.000	8.000	0.000	0.006
60.000	8.000	0.000	0.007
70.000	8.000	0.000	0.004
80.000	8.000	0.000	0.004
90.000	8.000	0.000	0.004
100.000	8.000	0.000	0.004
110.000	8.000	0.000	0.003
120.000	8.000	0.000	0.003
130.000	8.000	0.000	0.003
140.000	8.000	0.000	0.003
150.000	8.000	0.000	0.004
160.000	8.000	0.000	0.006
170.000	8.000	0.000	0.006
180.000	8.000	0.000	0.007
190.000	8.000	0.000	0.007
200.000	8.000	0.000	0.004
210.000	8.000	0.000	0.004
220.000	8.000	0.000	0.002
230.000	8.000	0.000	0.002
240.000	8.000	0.000	0.004
250.000	8.000	0.000	0.004
260.000	8.000	0.000	0.003
270.000	8.000	0.000	0.004
280.000	8.000	0.000	0.004
290.000	8.000	0.000	0.006
300.000	8.000	0.000	0.006
310.000	8.000	0.000	0.006
320.000	8.000	0.000	0.002
330.000	8.000	0.000	0.004
340.000	8.000	0.000	0.007
350.000	8.000	0.000	0.007
360.000	8.000	0.000	0.007
370.000	8.000	0.000	0.004
380.000	8.000	0.000	0.007
390.000	8.000	0.000	0.006
400.000	8.000	0.000	0.004
410.000	8.000	0.000	0.006
420.000	8.000	0.000	0.004
430.000	8.000	0.000	0.006
440.000	8.000	0.000	0.003
450.000	8.000	0.000	0.006
460.000	8.000	0.000	0.006
470.000	8.000	0.000	0.007
480.000	8.000	0.000	0.006
490.000	8.000	0.000	0.007
500.000	8.000	0.000	0.003
510.000	8.000	0.000	0.004
520.000	8.000	0.000	0.007
530.000	8.000	0.000	0.007
540.000	8.000	0.000	0.006
550.000	8.000	0.000	0.006
560.000	8.000	0.000	0.004
570.000	8.000	0.000	0.004
580.000	8.000	0.000	0.007
590.000	8.000	0.000	0.006
600.000	8.000	0.000	0.003
610.000	8.000	0.000	0.007
620.000	8.000	0.000	0.006
630.000	8.000	0.000	0.006
640.000	8.000	0.000	0.006
650.000	8.000	0.000	0.003
660.000	8.000	0.000	0.004
670.000	8.000	0.000	0.006
680.000	8.000	0.000	0.004
690.000	8.000	0.000	0.002
700.000	8.000	0.000	0.007
710.000	8.000	0.000	0.004
720.000	8.000	0.000	0.003
730.000	8.000	0.000	0.004
740.000	8.000	0.000	0.004
750.000	8.000	0.000	0.003
760.000	8.000	0.000	0.004
770.000	8.000	0.000	0.004
780.000	8.000	0.000	0.003
790.000	8.000	0.000	0.003
800.000	8.000	0.000	0.004
810.000	8.000	0.000	0.006
820.000	8.000	0.000	0.006
830.000	8.000	0.000	0.004
840.000	8.000	0.000	0.004
850.000	8.000	0.000	0.007
860.000	8.000	0.000	0.004
870.000	8.000	0.000	0.007
880.000	8.000	0.000	0.008
890.000	8.000	0.000	0.003
900.000	8.000	0.000	0.008
910.000	8.000	0.000	0.006
920.000	8.000	0.000	0.007
930.000	8.000	0.000	0.004
940.000	8.000	0.000	0.003
950.000	8.000	0.000	0.006
960.000	8.000	0.000	0.003
970.000	8.000	0.000	0.002
980.000	8.000	0.000	0.007
990.000	8.000	0.000	0.006
1000.000	8.000	0.000	0.003
1010.000	8.000	0.000	0.004
1020.000	8.000	0.000	0.006
1030.000	8.000	0.000	0.008
1040.000	8.000	0.000	0.029
1050.000	8.000	0.000	0.167
1060.000	8.000	0.000	0.167
1070.000	8.000	-0.073	0.205
1080.000	8.000	-0.073	0.234
1090.000	8.000	-0.146	0.257
1100.000	8.000	-0.220	0.274
1110.000	8.000	-0.366	0.296
1120.000	8.000	-0.366	0.296
1130.000	8.000	-0.439	0.300
1140.000	8.000	-0.659	0.310
1150.000	8.000	-0.659	0.310
1160.000	8.000	-0.732	0.311
1170.000	8.000	-0.952	0.314
1180.000	8.000	-0.952	0.314
1190.000	8.000	-1.099	0.313
1200.000	8.000	-1.465	0.318
1210.000	8.000	-1.465	0.318
1220.000	8.000	-1.538	0.317
1230.000	8.000	-1.831	0.321
1240.000	8.000	-1.831	0.321
1250.000	8.000	-1.831	0.316
1260.000	8.000	-2.051	0.316
1270.000	8.000	-2.051	0.316
1280.000	8.000	-2.124	0.316
1290.000	8.000	-2.344	0.317
1300.000	8.000	-2.344	0.317
1310.000	8.000	-2.417	0.317
1320.000	8.000	-2.490	0.318
1330.000	8.000	-2.490	0.318
1340.000	8.000	-2.490	0.318
1350.000	8.000	-2.563	0.317
1360.000	8.000	-2.563	0.317
1370.000	8.000	-2.710	0.318
1380.000	8.000	-3.003	0.318
1390.000	8.000	-3.003	0.318
1400.000	8.000	-3.003	0.316
1410.000	8.000	-3.003	0.316
1420.000	8.000	-3.003	0.316
1430.000	8.000	-3.149	0.316
1440.000	8.000	-3.735	0.316
1450.000	8.000	-3.735	0.316
1460.000	8.000	-3.882	0.318
1470.000	8.000	-3.809	0.316
1480.000	8.000	-3.809	0.316
1490.000	8.000	-3.662	0.318
1500.000	8.000	-4.028	0.318
1510.000	8.000	-4.028	0.318
1520.000	8.000	-4.248	0.317
1530.000	8.000	-4.175	0.317
1540.000	8.000	-4.175	0.317
1550.000	8.000	-4.248	0.318
1560.000	8.000	-4.614	0.318
1570.000	8.000	-4.614	0.318
1580.000	8.000	-4.614	0.318
1590.000	8.000	-4.980	0.316
1600.000	8.000	-4.980	0.316
1610.000	8.000	-5.054	0.316
1620.000	8.000	-5.200	0.318
1630.000	8.000	-5.200	0.318
1640.000	8.000	-5.566	0.317
1650.000	8.000	-5.566	0.318
1660.000	8.000	-5.420	0.317
1670.000	8.000	-5.420	0.318
1680.000	8.000	-5.786	0.319
1690.000	8.000	-5.933	0.317
1700.000	8.000	-5.786	0.318
1710.000	8.000	-5.859	0.316
1720.000	8.000	-6.226	0.317
1730.000	8.000	-6.299	0.318
1740.000	8.000	-6.079	0.316
1750.000	8.000	-6.079	0.316
1760.000	8.000	-6.445	0.316
1770.000	8.000	-6.592	0.319
1780.000	8.000	-6.738	0.316
1790.000	8.000	-6.958	0.317
1800.000	8.000	-7.031	0.318
1810.000	8.000	-7.031	0.317
1820.000	8.000	-7.031	0.316
1830.000	8.000	-7.178	0.317
1840.000	8.000	-7.471	0.321
1850.000	8.000	-7.764	0.318
1860.000	8.000	-7.617	0.318
1870.000	8.000	-7.764	0.317
1880.000	8.000	-7.837	0.318
1890.000	8.000	-7.690	0.316
1900.000	8.000	-8.130	0.318
1910.000	8.000	-8.350	0.316
1920.000	8.000	-8.130	0.319
1930.000	8.000	-8.350	0.318
1940.000	8.000	-8.496	0.318
1950.000	8.000	-8.276	0.317
1960.000	8.000	-8.789	0.317
1970.000	8.000	-8.716	0.317
1980.000	8.000	-8.643	0.321
1990.000	8.000	-9.009	0.317
2000.000	8.000	-8.862	0.316
2010.000	8.000	-9.082	0.318
2020.000	8.000	-9.229	0.316
2030.000	8.000	-9.155	0.317
2040.000	8.000	-9.302	0.319
2050.000	8.000	-9.448	0.318
2060.000	8.000	-9.448	0.319
2070.000	8.000	-9.521	0.319
2080.000	8.000	-9.814	0.317
2090.000	8.000	-9.668	0.316
2100.000	8.000	-10.034	0.318
2110.000	8.000	-9.888	0.317
2120.000	8.000	-9.961	0.316
2130.000	8.000	-10.254	0.317
2140.000	8.000	-10.254	0.318
2150.000	8.000	-10.547	0.317
2160.000	8.000	-10.254	0.317
2170.000	8.000	-10.767	0.319
2180.000	8.000	-10.620	0.317
2190.000	8.000	-11.060	0.318
2200.000	8.000	-10.767	0.317
2210.000	8.000	-10.986	0.317
2220.000	8.000	-11.133	0.318
2230.000	8.000	-11.426	0.318
2240.000	8.000	-11.279	0.318
2250.000	8.000	-11.353	0.317
2260.000	8.000	-11.572	0.318
2270.000	8.000	-11.792	0.316
2280.000	8.000	-11.719	0.318
2290.000	8.000	-11.646	0.317
2300.000	8.000	-11.792	0.318
2310.000	8.000	-12.085	0.317
2320.000	8.000	-12.085	0.317
2330.000	8.000	-12.012	0.318
2340.000	8.000	-12.451	0.317
2350.000	8.000	-12.451	0.318
2360.000	8.000	-12.598	0.318
2370.000	8.000	-12.378	0.318
2380.000	8.000	-12.964	0.317
2390.000	8.000	-12.744	0.318
2400.000	8.000	-13.110	0.317
2410.000	8.000	-13.037	0.317
2420.000	8.000	-13.403	0.316
2430.000	8.000	-13.330	0.319
2440.000	8.000	-13.330	0.316
2450.000	8.000	-13.623	0.318
2460.000	8.000	-13.477	0.317
2470.000	8.000	-13.843	0.316
2480.000	8.000	-13.916	0.318
2490.000	8.000	-13.989	0.317
2500.000	8.000	-14.136	0.317
2510.000	8.000	-14.136	0.316
2520.000	8.000	-14.209	0.318
2530.000	8.000	-14.429	0.316
2540.000	8.000	-14.502	0.318
2550.000	8.000	-14.502	0.318
2560.000	8.000	-14.868	0.317
2570.000	8.000	-14.648	0.318
2580.000	8.000	-14.795	0.317
2590.000	8.000	-15.161	0.316
2600.000	8.000	-15.015	0.316
2610.000	8.000	-15.308	0.317
2620.000	8.000	-15.381	0.318
2630.000	8.000	-15.308	0.318
2640.000	8.000	-15.674	0.316
2650.000	8.000	-15.747	0.317
2660.000	8.000	-15.894	0.318
2670.000	8.000	-16.113	0.318
2680.000	8.000	-16.040	0.321
2690.000	8.000	-16.187	0.318
2700.000	8.000	-16.260	0.316
2710.000	8.000	-16.406	0.318
2720.000	8.000	-16.772	0.317
2730.000	8.000	-16.626	0.319
2740.000	8.000	-16.699	0.316
2750.000	8.000	-16.992	0.317
2760.000	8.000	-16.992	0.317
2770.000	8.000	-17.285	0.317
2780.000	8.000	-17.212	0.319
2790.000	8.000	-17.358	0.317
2800.000	8.000	-17.871	0.319
2810.000	8.000	-17.578	0.318
2820.000	8.000	-17.578	0.316
2830.000	8.000	-18.091	0.317
2840.000	8.000	-18.091	0.316
2850.000	8.000	-18.164	0.316
2860.000	8.000	-18.164	0.316
2870.000	8.000	-18.164	0.317
2880.000	8.000	-18.530	0.316
2890.000	8.000	-18.604	0.318
2900.000	8.000	-18.677	0.319
2910.000	8.000	-18.970	0.316
2920.000	8.000	-18.970	0.316
2930.000	8.000	-19.043	0.317
2940.000	8.000	-19.336	0.318
2950.000	8.000	-19.336	0.318
2960.000	8.000	-19.702	0.317
2970.000	8.000	-19.702	0.319
2980.000	8.000	-19.702	0.319
2990.000	8.000	-19.849	0.317
3000.000	8.000	-20.288	0.318
3010.000	8.000	-20.288	0.318
3020.000	8.000	-20.361	0.316
3030.000	8.000	-20.728	0.317
3040.000	8.000	-20.728	0.317
3050.000	8.000	-20.728	0.318
3060.000	8.000	-20.654	0.318
3070.000	8.000	-20.654	0.318
3080.000	8.000	-21.167	0.318
3090.000	8.000	-21.167	0.318
3100.000	8.000	-21.533	0.316
3110.000	8.000	-21.313	0.317
3120.000	8.000	-21.460	0.318
3130.000	8.000	-21.606	0.318
3140.000	8.000	-21.680	0.318
3150.000	8.000	-21.826	0.317
3160.000	8.000	-21.826	0.318
3170.000	8.000	-22.266	0.317
3180.000	8.000	-22.266	0.316
3190.000	8.000	-22.632	0.318
3200.000	8.000	-22.339	0.314
3210.000	8.000	-22.778	0.318
3220.000	8.000	-22.925	0.318
3230.000	8.000	-23.071	0.318
3240.000	8.000	-23.071	0.318
3250.000	8.000	-23.291	0.318
3260.000	8.000	-23.364	0.317
3270.000	8.000	-23.437	0.316
3280.000	8.000	-23.657	0.318
3290.000	8.000	-23.584	0.317
3300.000	8.000	-23.950	0.319
3310.000	8.000	-23.950	0.318
3320.000	8.000	-23.950	0.317
3330.000	8.000	-24.023	0.318
3340.000	8.000	-24.609	0.317
3350.000	8.000	-24.390	0.317
3360.000	8.000	-24.756	0.317
3370.000	8.000	-24.756	0.318
3380.000	8.000	-25.122	0.316
3390.000	8.000	-25.049	0.318
3400.000	8.000	-25.269	0.317
3410.000	8.000	-25.342	0.318
3420.000	8.000	-25.488	0.316
3430.000	8.000	-25.635	0.317
3440.000	8.000	-25.342	0.317
3450.000	8.000	-26.074	0.318
3460.000	8.000	-25.781	0.317
3470.000	8.000	-26.221	0.317
3480.000	8.000	-26.440	0.317
3490.000	8.000	-26.440	0.317
3500.000	8.000	-26.367	0.316
3510.000	8.000	-26.807	0.316
3520.000	8.000	-26.807	0.316
3530.000	8.000	-27.173	0.317
3540.000	8.000	-26.880	0.318
3550.000	8.000	-26.880	0.318
3560.000	8.000	-27.246	0.319
3570.000	8.000	-27.539	0.317
3580.000	8.000	-27.539	0.317
3590.000	8.000	-27.759	0.317
3600.000	8.000	-27.832	0.317
3610.000	8.000	-27.979	0.318
3620.000	8.000	-28.052	0.317
3630.000	8.000	-28.125	0.318
3640.000	8.000	-28.345	0.318
3650.000	8.000	-28.271	0.319
3660.000	8.000	-28.271	0.317
3670.000	8.000	-28.638	0.319
3680.000	8.000	-28.491	0.318
3690.000	8.000	-28.491	0.316
3700.000	8.000	-28.931	0.316
3710.000	8.000	-29.077	0.317
3720.000	8.000	-29.150	0.316
3730.000	8.000	-29.150	0.318
3740.000	8.000	-29.004	0.317
3750.000	8.000	-29.663	0.318
3760.000	8.000	-29.810	0.317
3770.000	8.000	-29.443	0.316
3780.000	8.000	-30.103	0.317
3790.000	8.000	-30.029	0.317
3800.000	8.000	-29.956	0.317
3810.000	8.000	-30.249	0.318
3820.000	8.000	-30.176	0.316
3830.000	8.000	-30.396	0.319
3840.000	8.000	-30.688	0.317
3850.000	8.000	-30.469	0.317
3860.000	8.000	-30.615	0.318
3870.000	8.000	-30.835	0.321
3880.000	8.000	-30.762	0.318
3890.000	8.000	-30.908	0.319
3900.000	8.000	-31.055	0.317
3910.000	8.000	-31.055	0.316
3920.000	8.000	-31.055	0.322
3930.000	8.000	-31.421	0.318
3940.000	8.000	-31.348	0.318
3950.000	8.000	-31.348	0.316
3960.000	8.000	-31.787	0.317
3970.000	8.000	-31.787	0.318
3980.000	8.000	-31.567	0.318
3990.000	8.000	-32.080	0.318
4000.000	8.000	-32.153	0.319
4010.000	8.000	-31.934	0.317
4020.000	8.000	-32.373	0.318
4030.000	8.000	-32.227	0.316
4040.000	8.000	-32.300	0.317
4050.000	8.000	-32.520	0.318
4060.000	8.000	-32.373	0.318
4070.000	8.000	-32.520	0.316
4080.000	8.000	-32.666	0.319
4090.000	8.000	-32.739	0.317
4100.000	8.000	-32.593	0.317
4110.000	8.000	-32.959	0.317
4120.000	8.000	-32.959	0.319
4130.000	8.000	-32.886	0.317
4140.000	8.000	-33.179	0.318
4150.000	8.000	-33.105	0.319
4160.000	8.000	-33.325	0.319
4170.000	8.000	-33.252	0.319
4180.000	8.000	-33.398	0.316
4190.000	8.000	-33.325	0.316
4200.000	8.000	-33.545	0.318
4210.000	8.000	-33.765	0.319
4220.000	8.000	-33.472	0.318
4230.000	8.000	-33.984	0.317
4240.000	8.000	-33.765	0.318
4250.000	8.000	-33.984	0.316
4260.000	8.000	-33.765	0.318
4270.000	8.000	-34.424	0.318
4280.000	8.000	-34.277	0.317
4290.000	8.000	-34.131	0.321
4300.000	8.000	-34.570	0.317
4310.000	8.000	-34.351	0.317
4320.000	8.000	-34.497	0.319
4330.000	8.000	-34.497	0.317
4340.000	8.000	-34.790	0.316
4350.000	8.000	-35.010	0.318
4360.000	8.000	-35.083	0.318
4370.000	8.000	-34.644	0.318
4380.000	8.000	-35.010	0.318
4390.000	8.000	-35.376	0.316
4400.000	8.000	-35.010	0.319
4410.000	8.000	-35.303	0.316
4420.000	8.000	-35.596	0.316
4430.000	8.000	-35.815	0.317
4440.000	8.000	-35.522	0.316
4450.000	8.000	-35.596	0.319
4460.000	8.000	-35.596	0.318
4470.000	8.000	-36.035	0.319
4480.000	8.000	-35.962	0.318
4490.000	8.000	-35.889	0.319
4500.000	8.000	-36.182	0.317
4510.000	8.000	-36.401	0.318
4520.000	8.000	-36.401	0.318
4530.000	8.000	-36.182	0.319
4540.000	8.000	-36.694	0.318
4550.000	8.000	-36.328	0.317
4560.000	8.000	-36.841	0.317
4570.000	8.000	-36.768	0.317
4580.000	8.000	-36.841	0.319
4590.000	8.000	-36.987	0.318
4600.000	8.000	-36.987	0.318
4610.000	8.000	-36.987	0.317
4620.000	8.000	-36.914	0.318
4630.000	8.000	-37.280	0.317
4640.000	8.000	-37.280	0.318
4650.000	8.000	-37.427	0.317
4660.000	8.000	-37.573	0.318
4670.000	8.000	-37.646	0.317
4680.000	8.000	-37.720	0.316
4690.000	8.000	-38.086	0.317
4700.000	8.000	-38.013	0.318
4710.000	8.000	-38.086	0.317
4720.000	8.000	-38.525	0.318
4730.000	8.000	-38.379	0.317
4740.000	8.000	-38.379	0.318
4750.000	8.000	-39.038	0.318
4760.000	8.000	-38.599	0.317
4770.000	8.000	-38.745	0.317
4780.000	8.000	-39.331	0.316
4790.000	8.000	-39.185	0.317
4800.000	8.000	-39.331	0.319
4810.000	8.000	-39.478	0.316
4820.000	8.000	-39.478	0.319
4830.000	8.000	-39.478	0.318
4840.000	8.000	-39.844	0.319
4850.000	8.000	-39.844	0.318
4860.000	8.000	-40.063	0.316
4870.000	8.000	-40.210	0.318
4880.000	8.000	-39.917	0.317
4890.000	8.000	-40.137	0.324
4900.000	8.000	-40.430	0.317
4910.000	8.000	-40.356	0.318
4920.000	8.000	-40.649	0.317
4930.000	8.000	-41.089	0.318
4940.000	8.000	-41.089	0.318
4950.000	8.000	-40.723	0.318
4960.000	8.000	-41.162	0.318
4970.000	8.000	-41.162	0.316
4980.000	8.000	-41.382	0.318
4990.000	8.000	-41.528	0.318
5000.000	8.000	-41.528	0.318
5010.000	8.000	-41.895	0.316
5020.000	8.000	-41.895	0.318
5030.000	8.000	-41.968	0.316
5040.000	8.000	-41.895	0.318
5050.000	8.000	-42.480	0.321
5060.000	8.000	-42.261	0.317
5070.000	8.000	-42.480	0.318
5080.000	8.000	-42.700	0.319
5090.000	8.000	-42.773	0.318
5100.000	8.000	-42.920	0.317
5110.000	8.000	-42.847	0.317
5120.000	8.000	-42.847	0.318
5130.000	8.000	-42.920	0.316
5140.000	8.000	-43.506	0.316
5150.000	8.000	-43.506	0.319
5160.000	8.000	-43.945	0.317
5170.000	8.000	-44.019	0.319
5180.000	8.000	-44.165	0.318
5190.000	8.000	-43.945	0.317
5200.000	8.000	-44.165	0.317
5210.000	8.000	-44.238	0.318
5220.000	8.000	-44.531	0.318
5230.000	8.000	-44.751	0.318
5240.000	8.000	-44.678	0.317
5250.000	8.000	-44.751	0.316
5260.000	8.000	-44.897	0.318
5270.000	8.000	-44.897	0.316
5280.000	8.000	-44.824	0.316
5290.000	8.000	-45.483	0.318
5300.000	8.000	-45.410	0.318
5310.000	8.000	-45.703	0.317
5320.000	8.000	-45.776	0.316
5330.000	8.000	-45.776	0.317
5340.000	8.000	-45.776	0.317
5350.000	8.000	-46.143	0.319
5360.000	8.000	-45.996	0.317
5370.000	8.000	-46.289	0.317
5380.000	8.000	-46.582	0.321
5390.000	8.000	-46.362	0.316
5400.000	8.000	-46.655	0.318
5410.000	8.000	-46.875	0.319
5420.000	8.000	-46.802	0.317
5430.000	8.000	-46.875	0.318
5440.000	8.000	-47.095	0.317
5450.000	8.000	-46.948	0.316
5460.000	8.000	-47.095	0.318
5470.000	8.000	-47.314	0.316
5480.000	8.000	-47.168	0.317
5490.000	8.000	-47.388	0.317
5500.000	8.000	-47.681	0.317
5510.000	8.000	-47.461	0.318
5520.000	8.000	-47.534	0.317
5530.000	8.000	-47.827	0.317
5540.000	8.000	-47.681	0.317
5550.000	8.000	-47.754	0.321
5560.000	8.000	-48.047	0.316
5570.000	8.000	-47.827	0.317
5580.000	8.000	-48.047	0.317
5590.000	8.000	-48.340	0.317
5600.000	8.000	-48.193	0.318
5610.000	8.000	-48.340	0.318
5620.000	8.000	-48.706	0.319
5630.000	8.000	-48.486	0.318
5640.000	8.000	-48.633	0.317
5650.000	8.000	-48.779	0.318
5660.000	8.000	-48.633	0.321
5670.000	8.000	-48.779	0.319
5680.000	8.000	-48.926	0.316
5690.000	8.000	-48.560	0.317
5700.000	8.000	-48.706	0.318
5710.000	8.000	-48.926	0.317
5720.000	8.000	-48.853	0.317
5730.000	8.000	-48.853	0.317
5740.000	8.000	-49.219	0.317
5750.000	8.000	-49.219	0.316
5760.000	8.000	-49.292	0.318
5770.000	8.000	-49.438	0.318
5780.000	8.000	-49.292	0.317
5790.000	8.000	-49.658	0.318
5800.000	8.000	-50.024	0.317
5810.000	8.000	-49.951	0.317
5820.000	8.000	-49.878	0.318
5830.000	8.000	-50.171	0.316
5840.000	8.000	-49.731	0.317
5850.000	8.000	-49.805	0.318
5860.000	8.000	-50.098	0.317
5870.000	8.000	-50.244	0.317
5880.000	8.000	-50.464	0.317
5890.000	8.000	-50.610	0.318
5900.000	8.000	-50.171	0.319
5910.000	8.000	-50.171	0.316
5920.000	8.000	-50.610	0.318
5930.000	8.000	-50.610	0.318
5940.000	8.000	-51.050	0.317
5950.000	8.000	-51.123	0.317
5960.000	8.000	-50.903	0.319
5970.000	8.000	-50.757	0.319
5980.000	8.000	-51.270	0.317
5990.000	8.000	-51.123	0.318
6000.000	8.000	-51.343	0.317
6010.000	8.000	-51.636	0.317
6020.000	8.000	-51.416	0.321
6030.000	8.000	-51.855	0.318
6040.000	8.000	-51.855	0.316
6050.000	8.000	-51.782	0.274
6060.000	8.000	-51.929	0.201
6070.000	8.000	-52.441	0.150
6080.000	8.000	-52.075	0.109
6090.000	8.000	-52.148	0.080
6100.000	8.000	-52.515	0.057
6110.000	8.000	-52.441	0.046
6120.000	8.000	-52.588	0.034
6130.000	8.000	-52.295	0.026
6140.000	8.000	-52.148	0.019
6150.000	8.000	-52.368	0.015
6160.000	8.000	-52.734	0.012
6170.000	8.000	-52.368	0.009
6180.000	8.000	-52.295	0.006
6190.000	8.000	-52.954	0.008
6200.000	8.000	-52.441	0.006
6210.000	8.000	-52.148	0.004
6220.000	8.000	-52.148	0.004
6230.000	8.000	-52.148	0.002
6240.000	8.000	-52.441	0.007
6250.000	8.000	-52.441	0.007
6260.000	8.000	-52.222	0.003
6270.000	8.000	-52.661	0.006
6280.000	8.000	-52.661	0.006
6290.000	8.000	-52.075	0.003
6300.000	8.000	-52.075	0.008
6310.000	8.000	-52.075	0.008
6320.000	8.000	-52.368	0.006
6330.000	8.000	-52.295	0.006
6340.000	8.000	-52.295	0.006
6350.000	8.000	-52.295	0.004
6360.000	8.000	-52.661	0.002
6370.000	8.000	-52.661	0.002
6380.000	8.000	-52.222	0.004
6390.000	8.000	-52.075	0.004
6400.000	8.000	-52.075	0.004
6410.000	8.000	-52.222	0.004
6420.000	8.000	-52.148	0.004
6430.000	8.000	-52.148	0.004
6440.000	8.000	-52.295	0.003
6450.000	8.000	-52.515	0.006
6460.000	8.000	-52.515	0.006
6470.000	8.000	-52.002	0.002
6480.000	8.000	-51.855	0.004
6490.000	8.000	-51.855	0.004
6500.000	8.000	-52.148	0.002
6510.000	8.000	-51.929	0.003
6520.000	8.000	-51.929	0.003
6530.000	8.000	-51.929	0.004
6540.000	8.000	-52.002	0.004
6550.000	8.000	-52.002	0.004
6560.000	8.000	-51.782	0.007
6570.000	8.000	-51.709	0.004
6580.000	8.000	-51.709	0.004
6590.000	8.000	-51.855	0.003
6600.000	8.000	-51.636	0.006
6610.000	8.000	-51.636	0.006
6620.000	8.000	-51.562	0.006
6630.000	8.000	-51.416	0.004
6640.000	8.000	-51.416	0.004
6650.000	8.000	-51.270	0.004
6660.000	8.000	-51.270	0.006
6670.000	8.000	-51.270	0.006
6680.000	8.000	-51.416	0.003
6690.000	8.000	-51.196	0.004
6700.000	8.000	-51.196	0.004
6710.000	8.000	-51.050	0.007
6720.000	8.000	-51.050	0.004
6730.000	8.000	-51.196	0.003
6740.000	8.000	-50.903	0.002
6750.000	8.000	-50.684	0.004
6760.000	8.000	-50.610	0.003
6770.000	8.000	-50.684	0.004
6780.000	8.000	-50.610	0.004
6790.000	8.000	-50.830	0.006
6800.000	8.000	-50.391	0.004
6810.000	8.000	-50.317	0.004
6820.000	8.000	-50.244	0.002
6830.000	8.000	-49.878	0.003
6840.000	8.000	-49.878	0.002
6850.000	8.000	-50.098	0.003
6860.000	8.000	-49.805	0.002
6870.000	8.000	-49.805	0.004
6880.000	8.000	-49.731	0.002
6890.000	8.000	-49.365	0.004
6900.000	8.000	-49.438	0.004
6910.000	8.000	-49.585	0.004
6920.000	8.000	-49.365	0.004
6930.000	8.000	-49.438	0.007
6940.000	8.000	-49.731	0.006
6950.000	8.000	-49.219	0.007
6960.000	8.000	-49.365	0.002
6970.000	8.000	-49.365	0.003
6980.000	8.000	-49.219	0.004
6990.000	8.000	-49.072	0.008
7000.000	8.000	-49.219	0.004
7010.000	8.000	-48.853	0.006
7020.000	8.000	-48.853	0.007
