%Time [ms]	Commanded Torque [mNm]	Angular Velocity [RPM]	Actual Current [Amp]	%10/7/20258:59 AM
0.000	0.000	0.000	0.000
20.000	10.000	0.000	0.004
30.000	10.000	0.000	0.006
40.000	10.000	0.000	0.004
50.000	10.000	0.000	0.006
60.000	10.000	0.000	0.004
70.000	10.000	0.000	0.006
80.000	10.000	0.000	0.004
90.000	10.000	0.000	0.006
100.000	10.000	0.000	0.004
110.000	10.000	0.000	0.006
120.000	10.000	0.000	0.004
130.000	10.000	0.000	0.006
140.000	10.000	0.000	0.007
150.000	10.000	0.000	0.006
160.000	10.000	0.000	0.007
170.000	10.000	0.000	0.004
180.000	10.000	0.000	0.004
190.000	10.000	0.000	0.007
200.000	10.000	0.000	0.004
210.000	10.000	0.000	0.006
220.000	10.000	0.000	0.004
230.000	10.000	0.000	0.006
240.000	10.000	0.000	0.004
250.000	10.000	0.000	0.006
260.000	10.000	0.000	0.007
270.000	10.000	0.000	0.006
280.000	10.000	0.000	0.007
290.000	10.000	0.000	0.004
300.000	10.000	0.000	0.003
310.000	10.000	0.000	0.004
320.000	10.000	0.000	0.002
330.000	10.000	0.000	0.006
340.000	10.000	0.000	0.006
350.000	10.000	0.000	0.007
360.000	10.000	0.000	0.007
370.000	10.000	0.000	0.008
380.000	10.000	0.000	0.007
390.000	10.000	0.000	0.006
400.000	10.000	0.000	0.003
410.000	10.000	0.000	0.004
420.000	10.000	0.000	0.004
430.000	10.000	0.000	0.002
440.000	10.000	0.000	0.002
450.000	10.000	0.000	0.003
460.000	10.000	0.000	0.003
470.000	10.000	0.000	0.003
480.000	10.000	0.000	0.003
490.000	10.000	0.000	0.002
500.000	10.000	0.000	0.004
510.000	10.000	0.000	0.003
520.000	10.000	0.000	0.004
530.000	10.000	0.000	0.004
540.000	10.000	0.000	0.003
550.000	10.000	0.000	0.003
560.000	10.000	0.000	0.003
570.000	10.000	0.000	0.004
580.000	10.000	0.000	0.003
590.000	10.000	0.000	0.004
600.000	10.000	0.000	0.003
610.000	10.000	0.000	0.004
620.000	10.000	0.000	0.002
630.000	10.000	0.000	0.002
640.000	10.000	0.000	0.003
650.000	10.000	0.000	0.002
660.000	10.000	0.000	0.006
670.000	10.000	0.000	0.003
680.000	10.000	0.000	0.002
690.000	10.000	0.000	0.003
700.000	10.000	0.000	0.004
710.000	10.000	0.000	0.003
720.000	10.000	0.000	0.004
730.000	10.000	0.000	0.004
740.000	10.000	0.000	0.004
750.000	10.000	0.000	0.007
760.000	10.000	0.000	0.007
770.000	10.000	0.000	0.007
780.000	10.000	0.000	0.006
790.000	10.000	0.000	0.004
800.000	10.000	0.000	0.006
810.000	10.000	0.000	0.003
820.000	10.000	0.000	0.006
830.000	10.000	0.000	0.002
840.000	10.000	0.000	0.003
850.000	10.000	0.000	0.006
860.000	10.000	0.000	0.002
870.000	10.000	0.000	0.002
880.000	10.000	0.000	0.006
890.000	10.000	0.000	0.001
900.000	10.000	0.000	0.007
910.000	10.000	0.000	0.006
920.000	10.000	0.000	0.004
930.000	10.000	0.000	0.006
940.000	10.000	0.000	0.002
950.000	10.000	0.000	0.002
960.000	10.000	0.000	0.006
970.000	10.000	0.000	0.006
980.000	10.000	0.000	0.004
990.000	10.000	0.000	0.003
1000.000	10.000	0.000	0.006
1010.000	10.000	0.000	0.007
1020.000	10.000	0.000	0.003
1030.000	10.000	0.000	0.001
1040.000	10.000	-0.073	0.043
1050.000	10.000	-0.073	0.137
1060.000	10.000	-0.073	0.208
1070.000	10.000	-0.146	0.257
1080.000	10.000	-0.146	0.295
1090.000	10.000	-0.220	0.323
1100.000	10.000	-0.293	0.340
1110.000	10.000	-0.439	0.358
1120.000	10.000	-0.513	0.367
1130.000	10.000	-0.586	0.375
1140.000	10.000	-0.659	0.379
1150.000	10.000	-0.732	0.388
1160.000	10.000	-0.879	0.386
1170.000	10.000	-0.952	0.390
1180.000	10.000	-1.099	0.394
1190.000	10.000	-1.172	0.393
1200.000	10.000	-1.245	0.391
1210.000	10.000	-1.318	0.394
1220.000	10.000	-1.538	0.395
1230.000	10.000	-1.758	0.397
1240.000	10.000	-1.904	0.394
1250.000	10.000	-2.051	0.400
1260.000	10.000	-2.124	0.393
1270.000	10.000	-2.271	0.395
1280.000	10.000	-2.344	0.396
1290.000	10.000	-2.563	0.397
1300.000	10.000	-2.783	0.397
1310.000	10.000	-3.149	0.399
1320.000	10.000	-3.149	0.399
1330.000	10.000	-3.149	0.396
1340.000	10.000	-3.149	0.395
1350.000	10.000	-3.149	0.395
1360.000	10.000	-3.369	0.399
1370.000	10.000	-3.882	0.397
1380.000	10.000	-3.882	0.397
1390.000	10.000	-3.882	0.395
1400.000	10.000	-4.028	0.396
1410.000	10.000	-4.028	0.396
1420.000	10.000	-4.321	0.395
1430.000	10.000	-4.687	0.396
1440.000	10.000	-4.687	0.396
1450.000	10.000	-4.761	0.399
1460.000	10.000	-5.054	0.396
1470.000	10.000	-5.054	0.396
1480.000	10.000	-5.054	0.399
1490.000	10.000	-5.493	0.396
1500.000	10.000	-5.493	0.396
1510.000	10.000	-5.640	0.396
1520.000	10.000	-5.493	0.397
1530.000	10.000	-5.713	0.396
1540.000	10.000	-6.152	0.397
1550.000	10.000	-6.079	0.395
1560.000	10.000	-6.152	0.395
1570.000	10.000	-6.152	0.395
1580.000	10.000	-6.592	0.396
1590.000	10.000	-6.592	0.396
1600.000	10.000	-6.445	0.400
1610.000	10.000	-6.885	0.396
1620.000	10.000	-6.885	0.396
1630.000	10.000	-7.104	0.399
1640.000	10.000	-7.324	0.397
1650.000	10.000	-7.324	0.397
1660.000	10.000	-7.397	0.397
1670.000	10.000	-7.544	0.397
1680.000	10.000	-7.544	0.397
1690.000	10.000	-7.837	0.397
1700.000	10.000	-8.203	0.396
1710.000	10.000	-8.203	0.396
1720.000	10.000	-8.276	0.396
1730.000	10.000	-8.496	0.396
1740.000	10.000	-8.350	0.396
1750.000	10.000	-8.789	0.395
1760.000	10.000	-9.009	0.396
1770.000	10.000	-8.862	0.397
1780.000	10.000	-9.082	0.399
1790.000	10.000	-9.082	0.396
1800.000	10.000	-9.302	0.397
1810.000	10.000	-9.375	0.397
1820.000	10.000	-9.595	0.396
1830.000	10.000	-9.668	0.397
1840.000	10.000	-9.814	0.395
1850.000	10.000	-9.888	0.397
1860.000	10.000	-9.888	0.399
1870.000	10.000	-10.327	0.396
1880.000	10.000	-10.181	0.396
1890.000	10.000	-10.693	0.400
1900.000	10.000	-10.254	0.395
1910.000	10.000	-10.767	0.397
1920.000	10.000	-10.767	0.396
1930.000	10.000	-11.133	0.399
1940.000	10.000	-10.986	0.396
1950.000	10.000	-11.133	0.395
1960.000	10.000	-11.499	0.396
1970.000	10.000	-11.719	0.396
1980.000	10.000	-11.719	0.397
1990.000	10.000	-11.719	0.397
2000.000	10.000	-11.938	0.399
2010.000	10.000	-12.085	0.397
2020.000	10.000	-12.085	0.396
2030.000	10.000	-12.085	0.397
2040.000	10.000	-12.744	0.399
2050.000	10.000	-12.598	0.396
2060.000	10.000	-12.817	0.397
2070.000	10.000	-12.524	0.394
2080.000	10.000	-13.184	0.396
2090.000	10.000	-12.817	0.397
2100.000	10.000	-13.330	0.395
2110.000	10.000	-13.550	0.396
2120.000	10.000	-13.696	0.397
2130.000	10.000	-13.843	0.397
2140.000	10.000	-13.623	0.402
2150.000	10.000	-13.989	0.400
2160.000	10.000	-14.136	0.396
2170.000	10.000	-14.355	0.396
2180.000	10.000	-14.648	0.399
2190.000	10.000	-14.648	0.399
2200.000	10.000	-14.429	0.399
2210.000	10.000	-14.575	0.394
2220.000	10.000	-14.722	0.393
2230.000	10.000	-14.722	0.397
2240.000	10.000	-15.234	0.396
2250.000	10.000	-15.015	0.396
2260.000	10.000	-15.088	0.396
2270.000	10.000	-15.527	0.399
2280.000	10.000	-15.381	0.399
2290.000	10.000	-15.674	0.397
2300.000	10.000	-16.113	0.399
2310.000	10.000	-15.967	0.397
2320.000	10.000	-16.187	0.396
2330.000	10.000	-16.333	0.395
2340.000	10.000	-16.260	0.399
2350.000	10.000	-16.699	0.397
2360.000	10.000	-16.626	0.395
2370.000	10.000	-16.626	0.397
2380.000	10.000	-16.919	0.397
2390.000	10.000	-16.772	0.397
2400.000	10.000	-16.919	0.397
2410.000	10.000	-17.212	0.395
2420.000	10.000	-17.505	0.396
2430.000	10.000	-17.651	0.394
2440.000	10.000	-17.432	0.396
2450.000	10.000	-17.651	0.396
2460.000	10.000	-18.164	0.396
2470.000	10.000	-18.164	0.397
2480.000	10.000	-18.237	0.399
2490.000	10.000	-18.457	0.395
2500.000	10.000	-18.457	0.399
2510.000	10.000	-18.604	0.396
2520.000	10.000	-18.604	0.401
2530.000	10.000	-18.677	0.397
2540.000	10.000	-18.823	0.396
2550.000	10.000	-18.970	0.396
2560.000	10.000	-18.970	0.396
2570.000	10.000	-19.189	0.396
2580.000	10.000	-19.629	0.396
2590.000	10.000	-19.629	0.396
2600.000	10.000	-19.556	0.399
2610.000	10.000	-19.775	0.395
2620.000	10.000	-19.995	0.399
2630.000	10.000	-20.435	0.395
2640.000	10.000	-20.508	0.394
2650.000	10.000	-20.508	0.397
2660.000	10.000	-20.508	0.397
2670.000	10.000	-20.801	0.396
2680.000	10.000	-20.581	0.396
2690.000	10.000	-20.947	0.400
2700.000	10.000	-20.801	0.396
2710.000	10.000	-21.094	0.396
2720.000	10.000	-21.167	0.396
2730.000	10.000	-21.313	0.399
2740.000	10.000	-21.387	0.396
2750.000	10.000	-21.313	0.396
2760.000	10.000	-21.606	0.397
2770.000	10.000	-21.533	0.395
2780.000	10.000	-21.973	0.397
2790.000	10.000	-21.899	0.399
2800.000	10.000	-22.339	0.397
2810.000	10.000	-22.339	0.396
2820.000	10.000	-22.778	0.397
2830.000	10.000	-22.632	0.396
2840.000	10.000	-22.852	0.397
2850.000	10.000	-22.998	0.397
2860.000	10.000	-23.145	0.399
2870.000	10.000	-23.218	0.399
2880.000	10.000	-23.364	0.397
2890.000	10.000	-23.511	0.397
2900.000	10.000	-23.657	0.395
2910.000	10.000	-23.804	0.399
2920.000	10.000	-23.657	0.399
2930.000	10.000	-23.950	0.396
2940.000	10.000	-24.097	0.395
2950.000	10.000	-24.243	0.396
2960.000	10.000	-24.170	0.394
2970.000	10.000	-24.683	0.399
2980.000	10.000	-24.463	0.396
2990.000	10.000	-24.902	0.396
3000.000	10.000	-24.976	0.399
3010.000	10.000	-25.342	0.394
3020.000	10.000	-25.269	0.394
3030.000	10.000	-25.562	0.396
3040.000	10.000	-25.562	0.397
3050.000	10.000	-25.708	0.397
3060.000	10.000	-26.001	0.396
3070.000	10.000	-25.854	0.396
3080.000	10.000	-26.587	0.397
3090.000	10.000	-26.367	0.395
3100.000	10.000	-26.514	0.397
3110.000	10.000	-26.514	0.397
3120.000	10.000	-26.880	0.395
3130.000	10.000	-26.953	0.396
3140.000	10.000	-27.173	0.399
3150.000	10.000	-27.612	0.397
3160.000	10.000	-27.466	0.400
3170.000	10.000	-27.612	0.400
3180.000	10.000	-27.832	0.399
3190.000	10.000	-27.905	0.397
3200.000	10.000	-28.125	0.395
3210.000	10.000	-28.271	0.397
3220.000	10.000	-28.345	0.396
3230.000	10.000	-28.711	0.394
3240.000	10.000	-28.857	0.397
3250.000	10.000	-28.711	0.396
3260.000	10.000	-29.150	0.396
3270.000	10.000	-29.517	0.396
3280.000	10.000	-29.224	0.396
3290.000	10.000	-29.517	0.397
3300.000	10.000	-29.736	0.396
3310.000	10.000	-30.029	0.397
3320.000	10.000	-30.176	0.399
3330.000	10.000	-30.469	0.397
3340.000	10.000	-30.469	0.399
3350.000	10.000	-30.469	0.399
3360.000	10.000	-30.835	0.399
3370.000	10.000	-30.908	0.396
3380.000	10.000	-30.835	0.397
3390.000	10.000	-31.348	0.400
3400.000	10.000	-31.421	0.396
3410.000	10.000	-31.494	0.400
3420.000	10.000	-32.080	0.397
3430.000	10.000	-31.860	0.399
3440.000	10.000	-32.007	0.399
3450.000	10.000	-32.446	0.399
3460.000	10.000	-32.153	0.396
3470.000	10.000	-32.520	0.393
3480.000	10.000	-33.032	0.396
3490.000	10.000	-32.886	0.397
3500.000	10.000	-32.886	0.397
3510.000	10.000	-33.545	0.397
3520.000	10.000	-33.105	0.395
3530.000	10.000	-33.398	0.395
3540.000	10.000	-33.765	0.397
3550.000	10.000	-33.765	0.397
3560.000	10.000	-34.204	0.397
3570.000	10.000	-33.984	0.395
3580.000	10.000	-34.277	0.396
3590.000	10.000	-34.497	0.394
3600.000	10.000	-34.790	0.399
3610.000	10.000	-34.351	0.395
3620.000	10.000	-35.156	0.397
3630.000	10.000	-35.376	0.399
3640.000	10.000	-35.156	0.395
3650.000	10.000	-35.522	0.397
3660.000	10.000	-35.742	0.396
3670.000	10.000	-36.255	0.396
3680.000	10.000	-35.889	0.396
3690.000	10.000	-36.182	0.393
3700.000	10.000	-36.108	0.396
3710.000	10.000	-36.621	0.397
3720.000	10.000	-36.841	0.399
3730.000	10.000	-36.621	0.396
3740.000	10.000	-36.914	0.399
3750.000	10.000	-36.914	0.396
3760.000	10.000	-37.061	0.397
3770.000	10.000	-37.207	0.396
3780.000	10.000	-37.500	0.397
3790.000	10.000	-37.573	0.396
3800.000	10.000	-38.086	0.397
3810.000	10.000	-37.939	0.395
3820.000	10.000	-38.013	0.400
3830.000	10.000	-38.306	0.400
3840.000	10.000	-38.599	0.396
3850.000	10.000	-38.745	0.401
3860.000	10.000	-38.672	0.395
3870.000	10.000	-38.599	0.396
3880.000	10.000	-39.111	0.395
3890.000	10.000	-39.331	0.396
3900.000	10.000	-39.038	0.397
3910.000	10.000	-39.258	0.396
3920.000	10.000	-39.185	0.396
3930.000	10.000	-39.551	0.399
3940.000	10.000	-39.478	0.394
3950.000	10.000	-39.844	0.395
3960.000	10.000	-40.210	0.396
3970.000	10.000	-39.990	0.396
3980.000	10.000	-39.990	0.396
3990.000	10.000	-40.210	0.396
4000.000	10.000	-40.356	0.399
4010.000	10.000	-40.503	0.399
4020.000	10.000	-40.723	0.397
4030.000	10.000	-40.942	0.396
4040.000	10.000	-40.942	0.394
4050.000	10.000	-40.942	0.399
4060.000	10.000	-40.796	0.397
4070.000	10.000	-41.235	0.395
4080.000	10.000	-41.528	0.396
4090.000	10.000	-41.089	0.395
4100.000	10.000	-41.602	0.396
4110.000	10.000	-41.821	0.402
4120.000	10.000	-41.895	0.399
4130.000	10.000	-41.895	0.397
4140.000	10.000	-42.114	0.397
4150.000	10.000	-41.968	0.397
4160.000	10.000	-42.187	0.396
4170.000	10.000	-42.480	0.396
4180.000	10.000	-42.187	0.396
4190.000	10.000	-42.700	0.399
4200.000	10.000	-42.554	0.396
4210.000	10.000	-42.627	0.396
4220.000	10.000	-42.627	0.396
4230.000	10.000	-42.993	0.397
4240.000	10.000	-42.993	0.396
4250.000	10.000	-43.286	0.394
4260.000	10.000	-43.579	0.399
4270.000	10.000	-43.359	0.394
4280.000	10.000	-43.506	0.399
4290.000	10.000	-43.579	0.397
4300.000	10.000	-43.799	0.395
4310.000	10.000	-43.799	0.400
4320.000	10.000	-44.165	0.399
4330.000	10.000	-43.945	0.399
4340.000	10.000	-44.165	0.397
4350.000	10.000	-44.312	0.399
4360.000	10.000	-44.092	0.395
4370.000	10.000	-44.238	0.397
4380.000	10.000	-44.678	0.396
4390.000	10.000	-44.824	0.396
4400.000	10.000	-44.824	0.396
4410.000	10.000	-45.117	0.396
4420.000	10.000	-44.971	0.395
4430.000	10.000	-45.117	0.396
4440.000	10.000	-45.337	0.395
4450.000	10.000	-45.337	0.395
4460.000	10.000	-45.703	0.397
4470.000	10.000	-45.996	0.396
4480.000	10.000	-45.923	0.396
4490.000	10.000	-46.216	0.396
4500.000	10.000	-46.289	0.397
4510.000	10.000	-46.143	0.400
4520.000	10.000	-46.436	0.397
4530.000	10.000	-46.655	0.396
4540.000	10.000	-46.582	0.396
4550.000	10.000	-46.802	0.397
4560.000	10.000	-46.875	0.399
4570.000	10.000	-46.875	0.397
4580.000	10.000	-47.095	0.396
4590.000	10.000	-47.241	0.396
4600.000	10.000	-47.241	0.397
4610.000	10.000	-47.461	0.399
4620.000	10.000	-47.607	0.397
4630.000	10.000	-47.534	0.400
4640.000	10.000	-47.754	0.397
4650.000	10.000	-47.974	0.396
4660.000	10.000	-48.047	0.397
4670.000	10.000	-48.413	0.397
4680.000	10.000	-48.560	0.396
4690.000	10.000	-48.560	0.396
4700.000	10.000	-48.779	0.396
4710.000	10.000	-49.146	0.397
4720.000	10.000	-48.999	0.395
4730.000	10.000	-49.585	0.396
4740.000	10.000	-49.585	0.396
4750.000	10.000	-49.951	0.396
4760.000	10.000	-50.024	0.396
4770.000	10.000	-50.024	0.396
4780.000	10.000	-50.024	0.395
4790.000	10.000	-50.244	0.399
4800.000	10.000	-50.757	0.397
4810.000	10.000	-50.684	0.397
4820.000	10.000	-50.830	0.397
4830.000	10.000	-50.830	0.397
4840.000	10.000	-51.196	0.396
4850.000	10.000	-51.196	0.397
4860.000	10.000	-51.782	0.399
4870.000	10.000	-51.709	0.394
4880.000	10.000	-51.929	0.397
4890.000	10.000	-52.148	0.394
4900.000	10.000	-52.002	0.396
4910.000	10.000	-52.148	0.396
4920.000	10.000	-52.661	0.396
4930.000	10.000	-53.174	0.396
4940.000	10.000	-53.101	0.399
4950.000	10.000	-53.027	0.395
4960.000	10.000	-52.661	0.394
4970.000	10.000	-53.247	0.399
4980.000	10.000	-53.687	0.396
4990.000	10.000	-53.833	0.396
5000.000	10.000	-54.199	0.399
5010.000	10.000	-54.272	0.399
5020.000	10.000	-54.053	0.399
5030.000	10.000	-53.906	0.396
5040.000	10.000	-54.199	0.396
5050.000	10.000	-54.419	0.396
5060.000	10.000	-55.005	0.396
5070.000	10.000	-55.078	0.395
5080.000	10.000	-54.932	0.399
5090.000	10.000	-55.078	0.399
5100.000	10.000	-55.078	0.397
5110.000	10.000	-55.444	0.397
5120.000	10.000	-55.518	0.397
5130.000	10.000	-55.957	0.397
5140.000	10.000	-55.957	0.396
5150.000	10.000	-56.104	0.395
5160.000	10.000	-56.250	0.395
5170.000	10.000	-55.957	0.396
5180.000	10.000	-56.104	0.395
5190.000	10.000	-56.470	0.397
5200.000	10.000	-56.616	0.395
5210.000	10.000	-56.616	0.397
5220.000	10.000	-56.763	0.399
5230.000	10.000	-56.616	0.396
5240.000	10.000	-56.836	0.396
5250.000	10.000	-57.422	0.396
5260.000	10.000	-56.909	0.396
5270.000	10.000	-57.422	0.396
5280.000	10.000	-57.495	0.396
5290.000	10.000	-57.495	0.397
5300.000	10.000	-57.422	0.396
5310.000	10.000	-57.788	0.397
5320.000	10.000	-57.861	0.395
5330.000	10.000	-57.935	0.395
5340.000	10.000	-58.008	0.397
5350.000	10.000	-57.568	0.396
5360.000	10.000	-58.008	0.399
5370.000	10.000	-58.008	0.399
5380.000	10.000	-58.447	0.395
5390.000	10.000	-58.447	0.399
5400.000	10.000	-58.447	0.399
5410.000	10.000	-58.301	0.396
5420.000	10.000	-58.667	0.395
5430.000	10.000	-58.667	0.395
5440.000	10.000	-58.740	0.396
5450.000	10.000	-59.106	0.396
5460.000	10.000	-59.106	0.396
5470.000	10.000	-59.399	0.397
5480.000	10.000	-59.692	0.397
5490.000	10.000	-59.692	0.397
5500.000	10.000	-59.326	0.397
5510.000	10.000	-59.839	0.396
5520.000	10.000	-59.839	0.396
5530.000	10.000	-59.839	0.396
5540.000	10.000	-60.059	0.396
5550.000	10.000	-60.059	0.396
5560.000	10.000	-60.352	0.396
5570.000	10.000	-60.352	0.397
5580.000	10.000	-60.352	0.397
5590.000	10.000	-60.425	0.396
5600.000	10.000	-60.791	0.396
5610.000	10.000	-60.791	0.396
5620.000	10.000	-60.791	0.396
5630.000	10.000	-61.157	0.397
5640.000	10.000	-61.157	0.397
5650.000	10.000	-61.304	0.396
5660.000	10.000	-61.816	0.394
5670.000	10.000	-61.816	0.394
5680.000	10.000	-61.816	0.399
5690.000	10.000	-62.256	0.396
5700.000	10.000	-62.256	0.396
5710.000	10.000	-62.256	0.399
5720.000	10.000	-62.695	0.396
5730.000	10.000	-62.695	0.396
5740.000	10.000	-62.915	0.396
5750.000	10.000	-63.062	0.397
5760.000	10.000	-63.062	0.397
5770.000	10.000	-63.428	0.399
5780.000	10.000	-63.647	0.399
5790.000	10.000	-63.647	0.399
5800.000	10.000	-63.867	0.397
5810.000	10.000	-64.453	0.400
5820.000	10.000	-64.453	0.400
5830.000	10.000	-64.233	0.405
5840.000	10.000	-64.380	0.396
5850.000	10.000	-65.186	0.396
5860.000	10.000	-65.112	0.396
5870.000	10.000	-65.186	0.397
5880.000	10.000	-65.332	0.397
5890.000	10.000	-65.479	0.394
5900.000	10.000	-65.625	0.396
5910.000	10.000	-66.064	0.397
5920.000	10.000	-66.064	0.391
5930.000	10.000	-66.357	0.399
5940.000	10.000	-66.577	0.394
5950.000	10.000	-66.064	0.397
5960.000	10.000	-66.431	0.396
5970.000	10.000	-66.870	0.397
5980.000	10.000	-67.163	0.396
5990.000	10.000	-67.456	0.396
6000.000	10.000	-67.456	0.395
6010.000	10.000	-67.383	0.396
6020.000	10.000	-67.090	0.399
6030.000	10.000	-68.042	0.399
6040.000	10.000	-67.676	0.397
6050.000	10.000	-68.115	0.345
6060.000	10.000	-68.262	0.251
6070.000	10.000	-67.969	0.186
6080.000	10.000	-68.188	0.136
6090.000	10.000	-68.262	0.101
6100.000	10.000	-68.481	0.076
6110.000	10.000	-68.408	0.056
6120.000	10.000	-69.067	0.042
6130.000	10.000	-68.188	0.032
6140.000	10.000	-68.701	0.021
6150.000	10.000	-68.262	0.019
6160.000	10.000	-68.262	0.015
6170.000	10.000	-68.188	0.010
6180.000	10.000	-68.335	0.009
6190.000	10.000	-67.969	0.008
6200.000	10.000	-67.822	0.007
6210.000	10.000	-67.969	0.006
6220.000	10.000	-67.310	0.006
6230.000	10.000	-67.603	0.006
6240.000	10.000	-67.529	0.007
6250.000	10.000	-67.603	0.004
6260.000	10.000	-67.383	0.004
6270.000	10.000	-67.603	0.004
6280.000	10.000	-67.236	0.007
6290.000	10.000	-67.090	0.007
6300.000	10.000	-67.236	0.006
6310.000	10.000	-66.650	0.006
6320.000	10.000	-66.870	0.004
6330.000	10.000	-66.870	0.006
6340.000	10.000	-66.504	0.006
6350.000	10.000	-66.797	0.004
6360.000	10.000	-66.577	0.004
6370.000	10.000	-65.991	0.002
6380.000	10.000	-65.991	0.001
6390.000	10.000	-66.284	0.004
6400.000	10.000	-65.918	0.006
6410.000	10.000	-65.918	0.004
6420.000	10.000	-65.918	0.004
6430.000	10.000	-65.625	0.006
6440.000	10.000	-65.698	0.003
6450.000	10.000	-65.771	0.004
6460.000	10.000	-65.259	0.004
6470.000	10.000	-65.479	0.003
6480.000	10.000	-65.625	0.004
6490.000	10.000	-65.112	0.004
6500.000	10.000	-65.112	0.004
6510.000	10.000	-65.332	0.004
6520.000	10.000	-65.112	0.006
6530.000	10.000	-65.186	0.007
6540.000	10.000	-65.186	0.004
6550.000	10.000	-64.600	0.006
6560.000	10.000	-65.112	0.007
6570.000	10.000	-65.186	0.003
6580.000	10.000	-64.673	0.002
6590.000	10.000	-64.673	0.002
6600.000	10.000	-64.966	0.006
6610.000	10.000	-64.966	0.004
6620.000	10.000	-64.966	0.006
6630.000	10.000	-65.112	0.004
6640.000	10.000	-64.600	0.004
6650.000	10.000	-64.819	0.007
6660.000	10.000	-65.186	0.007
6670.000	10.000	-64.746	0.006
6680.000	10.000	-64.673	0.006
6690.000	10.000	-65.259	0.006
6700.000	10.000	-64.819	0.004
6710.000	10.000	-64.966	0.006
6720.000	10.000	-64.893	0.004
6730.000	10.000	-64.526	0.007
6740.000	10.000	-65.039	0.003
6750.000	10.000	-65.186	0.007
6760.000	10.000	-64.746	0.006
6770.000	10.000	-64.819	0.004
6780.000	10.000	-64.966	0.006
6790.000	10.000	-64.819	0.006
6800.000	10.000	-64.893	0.004
6810.000	10.000	-64.966	0.006
6820.000	10.000	-64.746	0.006
6830.000	10.000	-64.819	0.004
6840.000	10.000	-65.186	0.003
6850.000	10.000	-64.526	0.003
6860.000	10.000	-64.600	0.004
6870.000	10.000	-65.039	0.002
6880.000	10.000	-64.746	0.006
6890.000	10.000	-64.746	0.004
6900.000	10.000	-64.819	0.002
6910.000	10.000	-64.453	0.004
6920.000	10.000	-64.893	0.007
6930.000	10.000	-64.746	0.003
6940.000	10.000	-64.087	0.007
6950.000	10.000	-64.673	0.002
6960.000	10.000	-64.893	0.006
6970.000	10.000	-64.453	0.006
6980.000	10.000	-64.307	0.004
6990.000	10.000	-64.526	0.008
7000.000	10.000	-64.526	0.006
7010.000	10.000	-64.233	0.002
7020.000	10.000	-64.233	0.004
