%Time [ms]	Commanded Torque [mNm]	Angular Velocity [RPM]	Actual Current [Amp]	%10/7/20259:01 AM
0.000	0.000	0.000	0.000
20.000	4.000	0.000	0.004
30.000	4.000	0.000	0.004
40.000	4.000	0.000	0.007
50.000	4.000	0.000	0.004
60.000	4.000	0.000	0.001
70.000	4.000	0.000	0.006
80.000	4.000	0.000	0.006
90.000	4.000	0.000	0.004
100.000	4.000	0.000	0.004
110.000	4.000	0.000	0.004
120.000	4.000	0.000	0.006
130.000	4.000	0.000	0.004
140.000	4.000	0.000	0.004
150.000	4.000	0.000	0.006
160.000	4.000	0.000	0.007
170.000	4.000	0.000	0.004
180.000	4.000	0.000	0.008
190.000	4.000	0.000	0.003
200.000	4.000	0.000	0.003
210.000	4.000	0.000	0.004
220.000	4.000	0.000	0.002
230.000	4.000	0.000	0.003
240.000	4.000	0.000	0.003
250.000	4.000	0.000	0.003
260.000	4.000	0.000	0.003
270.000	4.000	0.000	0.004
280.000	4.000	0.000	0.002
290.000	4.000	0.000	0.002
300.000	4.000	0.000	0.003
310.000	4.000	0.000	0.006
320.000	4.000	0.000	0.006
330.000	4.000	0.000	0.004
340.000	4.000	0.000	0.004
350.000	4.000	0.000	0.006
360.000	4.000	0.000	0.007
370.000	4.000	0.000	0.004
380.000	4.000	0.000	0.006
390.000	4.000	0.000	0.007
400.000	4.000	0.000	0.004
410.000	4.000	0.000	0.004
420.000	4.000	0.000	0.001
430.000	4.000	0.000	0.002
440.000	4.000	0.000	0.002
450.000	4.000	0.000	0.007
460.000	4.000	0.000	0.006
470.000	4.000	0.000	0.008
480.000	4.000	0.000	0.006
490.000	4.000	0.000	0.004
500.000	4.000	0.000	0.004
510.000	4.000	0.000	0.002
520.000	4.000	0.000	0.003
530.000	4.000	0.000	0.004
540.000	4.000	0.000	0.007
550.000	4.000	0.000	0.002
560.000	4.000	0.000	0.006
570.000	4.000	0.000	0.004
580.000	4.000	0.000	0.007
590.000	4.000	0.000	0.007
600.000	4.000	0.000	0.007
610.000	4.000	0.000	0.004
620.000	4.000	0.000	0.006
630.000	4.000	0.000	0.003
640.000	4.000	0.000	0.003
650.000	4.000	0.000	0.004
660.000	4.000	0.000	0.002
670.000	4.000	0.000	0.002
680.000	4.000	0.000	0.004
690.000	4.000	0.000	0.003
700.000	4.000	0.000	0.003
710.000	4.000	0.000	0.006
720.000	4.000	0.000	0.001
730.000	4.000	0.000	0.006
740.000	4.000	0.000	0.003
750.000	4.000	0.000	0.004
760.000	4.000	0.000	0.003
770.000	4.000	0.000	0.006
780.000	4.000	0.000	0.002
790.000	4.000	0.000	0.006
800.000	4.000	0.000	0.006
810.000	4.000	0.000	0.006
820.000	4.000	0.000	0.006
830.000	4.000	0.000	0.004
840.000	4.000	0.000	0.007
850.000	4.000	0.000	0.007
860.000	4.000	0.000	0.007
870.000	4.000	0.000	0.003
880.000	4.000	0.000	0.004
890.000	4.000	0.000	0.007
900.000	4.000	0.000	0.006
910.000	4.000	0.000	0.003
920.000	4.000	0.000	0.007
930.000	4.000	0.000	0.006
940.000	4.000	0.000	0.006
950.000	4.000	0.000	0.003
960.000	4.000	0.000	0.007
970.000	4.000	0.000	0.004
980.000	4.000	0.000	0.004
990.000	4.000	0.000	0.004
1000.000	4.000	0.000	0.002
1010.000	4.000	0.000	0.003
1020.000	4.000	0.000	0.003
1030.000	4.000	0.000	0.002
1040.000	4.000	0.000	0.009
1050.000	4.000	0.000	0.050
1060.000	4.000	0.000	0.079
1070.000	4.000	0.000	0.103
1080.000	4.000	0.000	0.118
1090.000	4.000	-0.073	0.129
1100.000	4.000	-0.073	0.137
1110.000	4.000	-0.073	0.142
1120.000	4.000	-0.146	0.147
1130.000	4.000	-0.220	0.151
1140.000	4.000	-0.220	0.155
1150.000	4.000	-0.293	0.158
1160.000	4.000	-0.366	0.158
1170.000	4.000	-0.439	0.156
1180.000	4.000	-0.513	0.159
1190.000	4.000	-0.513	0.159
1200.000	4.000	-0.586	0.159
1210.000	4.000	-0.732	0.158
1220.000	4.000	-0.732	0.159
1230.000	4.000	-0.806	0.161
1240.000	4.000	-0.952	0.159
1250.000	4.000	-1.025	0.161
1260.000	4.000	-1.025	0.162
1270.000	4.000	-1.099	0.161
1280.000	4.000	-1.099	0.162
1290.000	4.000	-1.172	0.161
1300.000	4.000	-1.172	0.161
1310.000	4.000	-1.099	0.158
1320.000	4.000	-1.099	0.159
1330.000	4.000	-1.025	0.161
1340.000	4.000	-0.952	0.159
1350.000	4.000	-0.952	0.159
1360.000	4.000	-0.952	0.158
1370.000	4.000	-0.879	0.159
1380.000	4.000	-0.879	0.162
1390.000	4.000	-0.879	0.159
1400.000	4.000	-0.879	0.159
1410.000	4.000	-0.952	0.161
1420.000	4.000	-0.952	0.161
1430.000	4.000	-1.025	0.159
1440.000	4.000	-1.099	0.161
1450.000	4.000	-1.172	0.159
1460.000	4.000	-1.245	0.162
1470.000	4.000	-1.392	0.161
1480.000	4.000	-1.465	0.161
1490.000	4.000	-1.465	0.161
1500.000	4.000	-1.538	0.161
1510.000	4.000	-1.611	0.163
1520.000	4.000	-1.611	0.159
1530.000	4.000	-1.611	0.162
1540.000	4.000	-1.611	0.161
1550.000	4.000	-1.538	0.159
1560.000	4.000	-1.538	0.161
1570.000	4.000	-1.538	0.161
1580.000	4.000	-1.611	0.162
1590.000	4.000	-1.758	0.159
1600.000	4.000	-1.831	0.161
1610.000	4.000	-1.904	0.159
1620.000	4.000	-1.904	0.161
1630.000	4.000	-1.978	0.161
1640.000	4.000	-1.978	0.162
1650.000	4.000	-1.978	0.161
1660.000	4.000	-1.978	0.161
1670.000	4.000	-1.978	0.159
1680.000	4.000	-1.978	0.162
1690.000	4.000	-1.904	0.159
1700.000	4.000	-1.978	0.158
1710.000	4.000	-2.124	0.159
1720.000	4.000	-2.197	0.162
1730.000	4.000	-2.271	0.162
1740.000	4.000	-2.344	0.159
1750.000	4.000	-2.417	0.162
1760.000	4.000	-2.563	0.162
1770.000	4.000	-2.563	0.161
1780.000	4.000	-2.783	0.159
1790.000	4.000	-2.930	0.162
1800.000	4.000	-2.930	0.159
1810.000	4.000	-2.856	0.159
1820.000	4.000	-2.856	0.161
1830.000	4.000	-2.856	0.161
1840.000	4.000	-2.856	0.159
1850.000	4.000	-2.930	0.161
1860.000	4.000	-2.930	0.162
1870.000	4.000	-3.149	0.161
1880.000	4.000	-3.076	0.161
1890.000	4.000	-3.003	0.161
1900.000	4.000	-3.003	0.159
1910.000	4.000	-3.003	0.161
1920.000	4.000	-3.149	0.161
1930.000	4.000	-3.369	0.161
1940.000	4.000	-3.589	0.159
1950.000	4.000	-3.589	0.161
1960.000	4.000	-3.589	0.162
1970.000	4.000	-3.442	0.161
1980.000	4.000	-3.369	0.159
1990.000	4.000	-3.442	0.158
2000.000	4.000	-3.662	0.159
2010.000	4.000	-3.735	0.161
2020.000	4.000	-3.735	0.161
2030.000	4.000	-3.589	0.159
2040.000	4.000	-3.516	0.159
2050.000	4.000	-3.662	0.162
2060.000	4.000	-3.955	0.161
2070.000	4.000	-4.028	0.158
2080.000	4.000	-4.102	0.158
2090.000	4.000	-4.028	0.158
2100.000	4.000	-3.809	0.161
2110.000	4.000	-3.882	0.162
2120.000	4.000	-4.028	0.162
2130.000	4.000	-4.102	0.159
2140.000	4.000	-4.175	0.161
2150.000	4.000	-4.102	0.161
2160.000	4.000	-3.955	0.162
2170.000	4.000	-4.248	0.159
2180.000	4.000	-4.321	0.162
2190.000	4.000	-4.395	0.158
2200.000	4.000	-4.468	0.159
2210.000	4.000	-4.468	0.158
2220.000	4.000	-4.541	0.161
2230.000	4.000	-4.614	0.159
2240.000	4.000	-4.614	0.159
2250.000	4.000	-4.687	0.162
2260.000	4.000	-4.834	0.159
2270.000	4.000	-4.834	0.159
2280.000	4.000	-4.834	0.161
2290.000	4.000	-4.907	0.162
2300.000	4.000	-4.907	0.159
2310.000	4.000	-4.907	0.161
2320.000	4.000	-4.980	0.161
2330.000	4.000	-4.980	0.159
2340.000	4.000	-4.980	0.161
2350.000	4.000	-5.054	0.161
2360.000	4.000	-5.200	0.158
2370.000	4.000	-5.054	0.159
2380.000	4.000	-5.054	0.158
2390.000	4.000	-5.054	0.162
2400.000	4.000	-5.566	0.161
2410.000	4.000	-5.566	0.161
2420.000	4.000	-5.420	0.159
2430.000	4.000	-5.859	0.162
2440.000	4.000	-5.859	0.162
2450.000	4.000	-5.933	0.161
2460.000	4.000	-5.640	0.162
2470.000	4.000	-5.640	0.162
2480.000	4.000	-5.933	0.159
2490.000	4.000	-6.079	0.162
2500.000	4.000	-6.079	0.159
2510.000	4.000	-5.933	0.161
2520.000	4.000	-6.299	0.159
2530.000	4.000	-6.299	0.161
2540.000	4.000	-5.933	0.159
2550.000	4.000	-5.933	0.161
2560.000	4.000	-6.226	0.162
2570.000	4.000	-6.445	0.159
2580.000	4.000	-6.299	0.161
2590.000	4.000	-6.665	0.162
2600.000	4.000	-6.665	0.161
2610.000	4.000	-6.592	0.159
2620.000	4.000	-6.299	0.163
2630.000	4.000	-6.592	0.159
2640.000	4.000	-6.738	0.159
2650.000	4.000	-6.812	0.161
2660.000	4.000	-6.958	0.162
2670.000	4.000	-6.885	0.159
2680.000	4.000	-6.885	0.161
2690.000	4.000	-6.665	0.161
2700.000	4.000	-6.885	0.159
2710.000	4.000	-7.104	0.161
2720.000	4.000	-7.397	0.159
2730.000	4.000	-7.251	0.161
2740.000	4.000	-7.251	0.158
2750.000	4.000	-7.178	0.161
2760.000	4.000	-7.104	0.161
2770.000	4.000	-7.178	0.158
2780.000	4.000	-7.397	0.161
2790.000	4.000	-7.617	0.158
2800.000	4.000	-7.471	0.162
2810.000	4.000	-7.397	0.161
2820.000	4.000	-7.471	0.159
2830.000	4.000	-7.544	0.161
2840.000	4.000	-7.837	0.159
2850.000	4.000	-8.203	0.162
2860.000	4.000	-7.910	0.159
2870.000	4.000	-7.910	0.162
2880.000	4.000	-8.057	0.162
2890.000	4.000	-7.837	0.161
2900.000	4.000	-8.130	0.161
2910.000	4.000	-8.350	0.164
2920.000	4.000	-8.057	0.161
2930.000	4.000	-8.130	0.161
2940.000	4.000	-8.203	0.162
2950.000	4.000	-8.057	0.163
2960.000	4.000	-8.569	0.161
2970.000	4.000	-8.569	0.159
2980.000	4.000	-8.350	0.159
2990.000	4.000	-8.569	0.159
3000.000	4.000	-8.423	0.162
3010.000	4.000	-8.643	0.158
3020.000	4.000	-8.862	0.161
3030.000	4.000	-8.643	0.159
3040.000	4.000	-8.789	0.159
3050.000	4.000	-8.862	0.159
3060.000	4.000	-8.789	0.159
3070.000	4.000	-9.082	0.161
3080.000	4.000	-9.009	0.159
3090.000	4.000	-9.009	0.161
3100.000	4.000	-9.155	0.158
3110.000	4.000	-9.009	0.161
3120.000	4.000	-9.229	0.162
3130.000	4.000	-9.302	0.161
3140.000	4.000	-9.229	0.161
3150.000	4.000	-9.302	0.159
3160.000	4.000	-9.448	0.159
3170.000	4.000	-9.448	0.161
3180.000	4.000	-9.521	0.158
3190.000	4.000	-9.741	0.158
3200.000	4.000	-9.668	0.161
3210.000	4.000	-9.888	0.161
3220.000	4.000	-9.741	0.161
3230.000	4.000	-9.814	0.162
3240.000	4.000	-9.961	0.159
3250.000	4.000	-10.107	0.158
3260.000	4.000	-10.107	0.161
3270.000	4.000	-9.961	0.159
3280.000	4.000	-10.327	0.159
3290.000	4.000	-10.107	0.161
3300.000	4.000	-10.474	0.162
3310.000	4.000	-10.327	0.162
3320.000	4.000	-10.254	0.161
3330.000	4.000	-10.693	0.161
3340.000	4.000	-10.693	0.159
3350.000	4.000	-10.767	0.162
3360.000	4.000	-10.400	0.162
3370.000	4.000	-10.840	0.159
3380.000	4.000	-10.693	0.161
3390.000	4.000	-11.060	0.159
3400.000	4.000	-10.767	0.161
3410.000	4.000	-10.913	0.159
3420.000	4.000	-11.060	0.161
3430.000	4.000	-11.279	0.159
3440.000	4.000	-10.913	0.161
3450.000	4.000	-10.913	0.161
3460.000	4.000	-11.206	0.161
3470.000	4.000	-11.279	0.161
3480.000	4.000	-11.353	0.158
3490.000	4.000	-11.133	0.159
3500.000	4.000	-11.426	0.161
3510.000	4.000	-11.646	0.159
3520.000	4.000	-11.646	0.161
3530.000	4.000	-11.206	0.159
3540.000	4.000	-11.792	0.159
3550.000	4.000	-11.792	0.159
3560.000	4.000	-11.719	0.159
3570.000	4.000	-11.792	0.161
3580.000	4.000	-11.792	0.161
3590.000	4.000	-12.158	0.159
3600.000	4.000	-11.792	0.159
3610.000	4.000	-11.792	0.159
3620.000	4.000	-11.938	0.161
3630.000	4.000	-12.305	0.162
3640.000	4.000	-12.085	0.159
3650.000	4.000	-12.158	0.162
3660.000	4.000	-12.305	0.158
3670.000	4.000	-12.524	0.161
3680.000	4.000	-12.305	0.161
3690.000	4.000	-12.231	0.161
3700.000	4.000	-12.598	0.161
3710.000	4.000	-12.524	0.161
3720.000	4.000	-12.598	0.162
3730.000	4.000	-12.598	0.162
3740.000	4.000	-13.110	0.161
3750.000	4.000	-12.964	0.157
3760.000	4.000	-12.964	0.157
3770.000	4.000	-12.744	0.162
3780.000	4.000	-13.184	0.159
3790.000	4.000	-13.037	0.161
3800.000	4.000	-13.037	0.159
3810.000	4.000	-13.403	0.162
3820.000	4.000	-13.110	0.162
3830.000	4.000	-13.110	0.159
3840.000	4.000	-12.817	0.159
3850.000	4.000	-13.403	0.161
3860.000	4.000	-13.037	0.158
3870.000	4.000	-13.257	0.162
3880.000	4.000	-13.477	0.157
3890.000	4.000	-13.330	0.158
3900.000	4.000	-13.403	0.161
3910.000	4.000	-13.184	0.158
3920.000	4.000	-13.623	0.161
3930.000	4.000	-13.770	0.159
3940.000	4.000	-13.770	0.159
3950.000	4.000	-13.916	0.159
3960.000	4.000	-13.916	0.162
3970.000	4.000	-13.916	0.162
3980.000	4.000	-13.916	0.162
3990.000	4.000	-13.989	0.162
4000.000	4.000	-14.209	0.162
4010.000	4.000	-14.282	0.161
4020.000	4.000	-14.136	0.161
4030.000	4.000	-14.209	0.159
4040.000	4.000	-14.136	0.161
4050.000	4.000	-14.062	0.159
4060.000	4.000	-14.209	0.162
4070.000	4.000	-14.282	0.158
4080.000	4.000	-14.355	0.162
4090.000	4.000	-14.282	0.161
4100.000	4.000	-14.282	0.161
4110.000	4.000	-14.429	0.159
4120.000	4.000	-14.355	0.161
4130.000	4.000	-14.502	0.161
4140.000	4.000	-14.795	0.158
4150.000	4.000	-14.502	0.161
4160.000	4.000	-14.722	0.159
4170.000	4.000	-14.648	0.159
4180.000	4.000	-14.575	0.162
4190.000	4.000	-14.868	0.159
4200.000	4.000	-14.722	0.159
4210.000	4.000	-14.868	0.158
4220.000	4.000	-15.015	0.159
4230.000	4.000	-14.868	0.158
4240.000	4.000	-15.088	0.158
4250.000	4.000	-15.088	0.159
4260.000	4.000	-15.161	0.162
4270.000	4.000	-15.454	0.159
4280.000	4.000	-15.161	0.162
4290.000	4.000	-15.308	0.162
4300.000	4.000	-15.601	0.162
4310.000	4.000	-15.234	0.158
4320.000	4.000	-15.454	0.161
4330.000	4.000	-15.820	0.161
4340.000	4.000	-15.308	0.161
4350.000	4.000	-15.527	0.161
4360.000	4.000	-15.820	0.158
4370.000	4.000	-15.454	0.162
4380.000	4.000	-15.747	0.159
4390.000	4.000	-15.967	0.159
4400.000	4.000	-15.674	0.157
4410.000	4.000	-15.820	0.162
4420.000	4.000	-15.967	0.161
4430.000	4.000	-15.820	0.159
4440.000	4.000	-16.040	0.159
4450.000	4.000	-16.187	0.161
4460.000	4.000	-15.967	0.162
4470.000	4.000	-16.040	0.162
4480.000	4.000	-16.187	0.161
4490.000	4.000	-16.113	0.159
4500.000	4.000	-16.333	0.159
4510.000	4.000	-16.333	0.159
4520.000	4.000	-16.187	0.161
4530.000	4.000	-16.187	0.159
4540.000	4.000	-16.187	0.159
4550.000	4.000	-16.260	0.162
4560.000	4.000	-16.479	0.161
4570.000	4.000	-16.406	0.158
4580.000	4.000	-16.333	0.159
4590.000	4.000	-16.479	0.161
4600.000	4.000	-16.187	0.158
4610.000	4.000	-16.406	0.159
4620.000	4.000	-16.626	0.162
4630.000	4.000	-16.479	0.161
4640.000	4.000	-16.626	0.159
4650.000	4.000	-16.626	0.159
4660.000	4.000	-16.479	0.158
4670.000	4.000	-16.919	0.158
4680.000	4.000	-16.699	0.159
4690.000	4.000	-16.626	0.159
4700.000	4.000	-17.065	0.161
4710.000	4.000	-16.699	0.159
4720.000	4.000	-16.626	0.159
4730.000	4.000	-16.919	0.159
4740.000	4.000	-16.846	0.166
4750.000	4.000	-16.846	0.161
4760.000	4.000	-16.919	0.162
4770.000	4.000	-16.699	0.162
4780.000	4.000	-16.992	0.161
4790.000	4.000	-16.846	0.159
4800.000	4.000	-16.772	0.162
4810.000	4.000	-17.139	0.161
4820.000	4.000	-16.772	0.161
4830.000	4.000	-16.626	0.159
4840.000	4.000	-17.139	0.162
4850.000	4.000	-16.699	0.159
4860.000	4.000	-16.699	0.158
4870.000	4.000	-16.919	0.159
4880.000	4.000	-16.772	0.162
4890.000	4.000	-16.772	0.162
4900.000	4.000	-16.846	0.162
4910.000	4.000	-16.699	0.159
4920.000	4.000	-16.992	0.161
4930.000	4.000	-16.846	0.161
4940.000	4.000	-16.699	0.162
4950.000	4.000	-17.212	0.159
4960.000	4.000	-16.919	0.161
4970.000	4.000	-16.772	0.161
4980.000	4.000	-17.139	0.158
4990.000	4.000	-16.919	0.164
5000.000	4.000	-16.772	0.159
5010.000	4.000	-16.992	0.159
5020.000	4.000	-17.065	0.159
5030.000	4.000	-17.065	0.159
5040.000	4.000	-16.846	0.161
5050.000	4.000	-16.919	0.159
5060.000	4.000	-17.285	0.159
5070.000	4.000	-17.065	0.161
5080.000	4.000	-16.992	0.159
5090.000	4.000	-17.358	0.162
5100.000	4.000	-17.212	0.159
5110.000	4.000	-17.139	0.162
5120.000	4.000	-17.139	0.161
5130.000	4.000	-17.285	0.161
5140.000	4.000	-17.505	0.162
5150.000	4.000	-17.065	0.159
5160.000	4.000	-17.065	0.159
5170.000	4.000	-17.578	0.161
5180.000	4.000	-17.212	0.158
5190.000	4.000	-17.065	0.162
5200.000	4.000	-17.432	0.161
5210.000	4.000	-17.432	0.161
5220.000	4.000	-17.505	0.159
5230.000	4.000	-17.285	0.161
5240.000	4.000	-17.285	0.161
5250.000	4.000	-17.358	0.158
5260.000	4.000	-17.358	0.158
5270.000	4.000	-17.212	0.161
5280.000	4.000	-17.651	0.159
5290.000	4.000	-17.798	0.159
5300.000	4.000	-17.578	0.159
5310.000	4.000	-17.432	0.161
5320.000	4.000	-17.505	0.159
5330.000	4.000	-17.944	0.161
5340.000	4.000	-17.725	0.162
5350.000	4.000	-17.651	0.159
5360.000	4.000	-17.944	0.161
5370.000	4.000	-17.944	0.159
5380.000	4.000	-18.018	0.162
5390.000	4.000	-17.651	0.161
5400.000	4.000	-17.798	0.159
5410.000	4.000	-18.164	0.161
5420.000	4.000	-17.871	0.161
5430.000	4.000	-17.725	0.162
5440.000	4.000	-17.871	0.162
5450.000	4.000	-17.871	0.162
5460.000	4.000	-18.164	0.158
5470.000	4.000	-17.944	0.161
5480.000	4.000	-17.871	0.162
5490.000	4.000	-18.237	0.162
5500.000	4.000	-18.237	0.158
5510.000	4.000	-18.164	0.159
5520.000	4.000	-18.091	0.162
5530.000	4.000	-18.237	0.159
5540.000	4.000	-18.384	0.159
5550.000	4.000	-18.311	0.159
5560.000	4.000	-18.091	0.161
5570.000	4.000	-18.091	0.162
5580.000	4.000	-18.164	0.161
5590.000	4.000	-18.384	0.161
5600.000	4.000	-18.311	0.158
5610.000	4.000	-18.237	0.161
5620.000	4.000	-18.457	0.162
5630.000	4.000	-18.457	0.162
5640.000	4.000	-18.530	0.161
5650.000	4.000	-18.530	0.161
5660.000	4.000	-18.457	0.161
5670.000	4.000	-18.604	0.162
5680.000	4.000	-18.604	0.162
5690.000	4.000	-18.604	0.159
5700.000	4.000	-18.457	0.159
5710.000	4.000	-18.457	0.159
5720.000	4.000	-18.604	0.162
5730.000	4.000	-18.604	0.161
5740.000	4.000	-18.604	0.161
5750.000	4.000	-18.530	0.159
5760.000	4.000	-18.677	0.161
5770.000	4.000	-18.677	0.161
5780.000	4.000	-18.750	0.162
5790.000	4.000	-18.823	0.158
5800.000	4.000	-18.823	0.158
5810.000	4.000	-18.823	0.161
5820.000	4.000	-18.970	0.159
5830.000	4.000	-18.970	0.159
5840.000	4.000	-18.896	0.162
5850.000	4.000	-18.970	0.162
5860.000	4.000	-18.970	0.162
5870.000	4.000	-18.896	0.162
5880.000	4.000	-18.896	0.161
5890.000	4.000	-18.896	0.161
5900.000	4.000	-18.896	0.162
5910.000	4.000	-18.970	0.159
5920.000	4.000	-18.970	0.159
5930.000	4.000	-18.896	0.162
5940.000	4.000	-18.896	0.159
5950.000	4.000	-18.896	0.159
5960.000	4.000	-19.043	0.159
5970.000	4.000	-19.043	0.161
5980.000	4.000	-19.043	0.161
5990.000	4.000	-18.896	0.161
6000.000	4.000	-19.189	0.161
6010.000	4.000	-19.043	0.159
6020.000	4.000	-19.116	0.162
6030.000	4.000	-19.043	0.159
6040.000	4.000	-19.043	0.159
6050.000	4.000	-19.263	0.139
6060.000	4.000	-19.336	0.103
6070.000	4.000	-19.482	0.076
6080.000	4.000	-19.336	0.057
6090.000	4.000	-19.189	0.041
6100.000	4.000	-19.263	0.032
6110.000	4.000	-19.189	0.024
6120.000	4.000	-19.482	0.021
6130.000	4.000	-19.556	0.017
6140.000	4.000	-19.189	0.013
6150.000	4.000	-19.116	0.012
6160.000	4.000	-19.116	0.010
6170.000	4.000	-19.116	0.009
6180.000	4.000	-19.189	0.004
6190.000	4.000	-19.043	0.006
6200.000	4.000	-18.896	0.003
6210.000	4.000	-18.970	0.006
6220.000	4.000	-18.896	0.004
6230.000	4.000	-18.823	0.006
6240.000	4.000	-18.750	0.007
6250.000	4.000	-18.823	0.004
6260.000	4.000	-18.750	0.004
6270.000	4.000	-18.677	0.007
6280.000	4.000	-18.823	0.004
6290.000	4.000	-18.604	0.006
6300.000	4.000	-18.677	0.007
6310.000	4.000	-18.604	0.006
6320.000	4.000	-18.457	0.004
6330.000	4.000	-18.311	0.006
6340.000	4.000	-18.530	0.006
6350.000	4.000	-18.384	0.003
6360.000	4.000	-18.384	0.006
6370.000	4.000	-18.237	0.007
6380.000	4.000	-17.944	0.004
6390.000	4.000	-18.311	0.004
6400.000	4.000	-18.311	0.006
6410.000	4.000	-18.164	0.006
6420.000	4.000	-18.091	0.004
6430.000	4.000	-18.018	0.006
6440.000	4.000	-18.164	0.003
6450.000	4.000	-18.018	0.001
6460.000	4.000	-17.871	0.003
6470.000	4.000	-17.871	0.006
6480.000	4.000	-17.944	0.004
6490.000	4.000	-18.091	0.001
6500.000	4.000	-17.578	0.003
6510.000	4.000	-17.578	0.001
6520.000	4.000	-17.871	0.003
6530.000	4.000	-17.651	0.003
6540.000	4.000	-17.578	0.008
6550.000	4.000	-17.578	0.008
6560.000	4.000	-17.578	0.002
6570.000	4.000	-17.871	0.003
6580.000	4.000	-17.432	0.003
6590.000	4.000	-17.285	0.004
6600.000	4.000	-17.798	0.003
6610.000	4.000	-17.651	0.003
6620.000	4.000	-17.358	0.003
6630.000	4.000	-17.358	0.004
6640.000	4.000	-17.432	0.007
6650.000	4.000	-17.725	0.004
6660.000	4.000	-17.285	0.007
6670.000	4.000	-17.212	0.007
6680.000	4.000	-17.651	0.004
6690.000	4.000	-17.432	0.006
6700.000	4.000	-17.285	0.007
6710.000	4.000	-17.358	0.007
6720.000	4.000	-17.432	0.006
6730.000	4.000	-17.505	0.004
6740.000	4.000	-17.139	0.006
6750.000	4.000	-17.065	0.007
6760.000	4.000	-17.578	0.004
6770.000	4.000	-17.139	0.007
6780.000	4.000	-16.919	0.006
6790.000	4.000	-17.285	0.004
6800.000	4.000	-17.139	0.004
6810.000	4.000	-17.065	0.004
6820.000	4.000	-17.065	0.004
6830.000	4.000	-16.919	0.004
6840.000	4.000	-17.285	0.004
6850.000	4.000	-16.992	0.007
6860.000	4.000	-16.846	0.007
6870.000	4.000	-17.432	0.002
6880.000	4.000	-17.065	0.004
6890.000	4.000	-16.772	0.006
6900.000	4.000	-16.992	0.002
6910.000	4.000	-16.992	0.002
6920.000	4.000	-16.992	0.001
6930.000	4.000	-16.992	0.004
6940.000	4.000	-16.846	0.002
6950.000	4.000	-17.065	0.002
6960.000	4.000	-16.846	0.004
6970.000	4.000	-16.699	0.004
6980.000	4.000	-17.285	0.003
6990.000	4.000	-16.772	0.004
7000.000	4.000	-16.919	0.002
7010.000	4.000	-16.699	0.003
7020.000	4.000	-16.772	0.003
