%Time [ms]	Commanded Torque [mNm]	Angular Velocity [RPM]	Actual Current [Amp]	%9/23/20259:38 AM
0.000	0.000	0.000	0.000
20.000	6.000	0.000	0.004
30.000	6.000	0.000	0.004
40.000	6.000	0.000	0.004
50.000	6.000	0.000	0.006
60.000	6.000	0.000	0.006
70.000	6.000	0.000	0.006
80.000	6.000	0.000	0.006
90.000	6.000	0.000	0.004
100.000	6.000	0.000	0.004
110.000	6.000	0.000	0.007
120.000	6.000	0.000	0.007
130.000	6.000	0.000	0.007
140.000	6.000	0.000	0.006
150.000	6.000	0.000	0.006
160.000	6.000	0.000	0.006
170.000	6.000	0.000	0.003
180.000	6.000	0.000	0.003
190.000	6.000	0.000	0.003
200.000	6.000	0.000	0.006
210.000	6.000	0.000	0.004
220.000	6.000	0.000	0.004
230.000	6.000	0.000	0.006
240.000	6.000	0.000	0.007
250.000	6.000	0.000	0.007
260.000	6.000	0.000	0.006
270.000	6.000	0.000	0.006
280.000	6.000	0.000	0.006
290.000	6.000	0.000	0.006
300.000	6.000	0.000	0.006
310.000	6.000	0.000	0.006
320.000	6.000	0.000	0.006
330.000	6.000	0.000	0.004
340.000	6.000	0.000	0.004
350.000	6.000	0.000	0.007
360.000	6.000	0.000	0.006
370.000	6.000	0.000	0.006
380.000	6.000	0.000	0.006
390.000	6.000	0.000	0.007
400.000	6.000	0.000	0.007
410.000	6.000	0.000	0.003
420.000	6.000	0.000	0.007
430.000	6.000	0.000	0.007
440.000	6.000	0.000	0.004
450.000	6.000	0.000	0.006
460.000	6.000	0.000	0.006
470.000	6.000	0.000	0.006
480.000	6.000	0.000	0.006
490.000	6.000	0.000	0.006
500.000	6.000	0.000	0.004
510.000	6.000	0.000	0.004
520.000	6.000	0.000	0.004
530.000	6.000	0.000	0.008
540.000	6.000	0.000	0.004
550.000	6.000	0.000	0.004
560.000	6.000	0.000	0.002
570.000	6.000	0.000	0.001
580.000	6.000	0.000	0.006
590.000	6.000	0.000	0.004
600.000	6.000	0.000	0.004
610.000	6.000	0.000	0.004
620.000	6.000	0.000	0.006
630.000	6.000	0.000	0.006
640.000	6.000	0.000	0.002
650.000	6.000	0.000	0.006
660.000	6.000	0.000	0.004
670.000	6.000	0.000	0.006
680.000	6.000	0.000	0.006
690.000	6.000	0.000	0.004
700.000	6.000	0.000	0.006
710.000	6.000	0.000	0.006
720.000	6.000	0.000	0.007
730.000	6.000	0.000	0.006
740.000	6.000	0.000	0.003
750.000	6.000	0.000	0.007
760.000	6.000	0.000	0.007
770.000	6.000	0.000	0.004
780.000	6.000	0.000	0.004
790.000	6.000	0.000	0.004
800.000	6.000	0.000	0.003
810.000	6.000	0.000	0.001
820.000	6.000	0.000	0.001
830.000	6.000	0.000	0.003
840.000	6.000	0.000	0.004
850.000	6.000	0.000	0.004
860.000	6.000	0.000	0.003
870.000	6.000	0.000	0.004
880.000	6.000	0.000	0.003
890.000	6.000	0.000	0.001
900.000	6.000	0.000	0.007
910.000	6.000	0.000	0.002
920.000	6.000	0.000	0.006
930.000	6.000	0.000	0.003
940.000	6.000	0.000	0.002
950.000	6.000	0.000	0.007
960.000	6.000	0.000	0.003
970.000	6.000	0.000	0.003
980.000	6.000	0.000	0.007
990.000	6.000	0.000	0.003
1000.000	6.000	0.000	0.004
1010.000	6.000	0.000	0.003
1020.000	6.000	0.000	0.003
1030.000	6.000	-0.073	0.026
1040.000	6.000	-0.073	0.083
1050.000	6.000	-0.073	0.125
1060.000	6.000	-0.073	0.156
1070.000	6.000	-0.155	0.179
1080.000	6.000	-0.228	0.194
1090.000	6.000	-0.228	0.205
1100.000	6.000	-0.301	0.217
1110.000	6.000	-0.374	0.223
1120.000	6.000	-0.448	0.228
1130.000	6.000	-0.521	0.231
1140.000	6.000	-0.594	0.235
1150.000	6.000	-0.667	0.235
1160.000	6.000	-0.741	0.234
1170.000	6.000	-0.732	0.236
1180.000	6.000	-0.726	0.238
1190.000	6.000	-0.889	0.236
1200.000	6.000	-0.889	0.238
1210.000	6.000	-0.882	0.238
1220.000	6.000	-0.971	0.240
1230.000	6.000	-0.898	0.239
1240.000	6.000	-0.958	0.240
1250.000	6.000	-1.048	0.240
1260.000	6.000	-1.194	0.240
1270.000	6.000	-1.321	0.240
1280.000	6.000	-1.498	0.240
1290.000	6.000	-1.555	0.240
1300.000	6.000	-1.615	0.239
1310.000	6.000	-1.793	0.240
1320.000	6.000	-1.776	0.239
1330.000	6.000	-1.836	0.240
1340.000	6.000	-1.947	0.240
1350.000	6.000	-1.931	0.240
1360.000	6.000	-1.911	0.238
1370.000	6.000	-1.955	0.239
1380.000	6.000	-1.931	0.239
1390.000	6.000	-1.978	0.240
1400.000	6.000	-2.170	0.240
1410.000	6.000	-2.145	0.240
1420.000	6.000	-2.199	0.241
1430.000	6.000	-2.228	0.239
1440.000	6.000	-2.131	0.241
1450.000	6.000	-2.184	0.240
1460.000	6.000	-2.147	0.241
1470.000	6.000	-2.049	0.239
1480.000	6.000	-2.049	0.241
1490.000	6.000	-2.003	0.239
1500.000	6.000	-1.970	0.239
1510.000	6.000	-2.117	0.240
1520.000	6.000	-2.137	0.240
1530.000	6.000	-2.194	0.240
1540.000	6.000	-2.247	0.241
1550.000	6.000	-2.210	0.240
1560.000	6.000	-2.267	0.240
1570.000	6.000	-2.340	0.239
1580.000	6.000	-2.340	0.241
1590.000	6.000	-2.413	0.240
1600.000	6.000	-2.413	0.241
1610.000	6.000	-2.340	0.241
1620.000	6.000	-2.340	0.239
1630.000	6.000	-2.340	0.239
1640.000	6.000	-2.287	0.241
1650.000	6.000	-2.271	0.241
1660.000	6.000	-2.197	0.241
1670.000	6.000	-2.124	0.239
1680.000	6.000	-2.051	0.239
1690.000	6.000	-1.904	0.239
1700.000	6.000	-1.831	0.239
1710.000	6.000	-1.685	0.239
1720.000	6.000	-1.731	0.240
1730.000	6.000	-1.756	0.242
1740.000	6.000	-1.829	0.240
1750.000	6.000	-1.882	0.239
1760.000	6.000	-1.898	0.240
1770.000	6.000	-1.972	0.240
1780.000	6.000	-1.972	0.241
1790.000	6.000	-1.972	0.240
1800.000	6.000	-1.898	0.239
1810.000	6.000	-1.885	0.239
1820.000	6.000	-1.863	0.240
1830.000	6.000	-1.765	0.240
1840.000	6.000	-1.745	0.241
1850.000	6.000	-1.871	0.240
1860.000	6.000	-1.928	0.241
1870.000	6.000	-1.841	0.241
1880.000	6.000	-1.858	0.241
1890.000	6.000	-1.858	0.240
1900.000	6.000	-1.844	0.239
1910.000	6.000	-1.793	0.240
1920.000	6.000	-1.695	0.241
1930.000	6.000	-1.615	0.240
1940.000	6.000	-1.578	0.239
1950.000	6.000	-1.326	0.238
1960.000	6.000	-1.239	0.240
1970.000	6.000	-1.187	0.240
1980.000	6.000	-1.171	0.242
1990.000	6.000	-1.158	0.239
2000.000	6.000	-1.187	0.239
2010.000	6.000	-1.253	0.241
2020.000	6.000	-1.306	0.239
2030.000	6.000	-1.402	0.240
2040.000	6.000	-1.459	0.240
2050.000	6.000	-1.519	0.240
2060.000	6.000	-1.467	0.238
2070.000	6.000	-1.532	0.239
2080.000	6.000	-1.519	0.238
2090.000	6.000	-1.467	0.241
2100.000	6.000	-1.451	0.240
2110.000	6.000	-1.451	0.240
2120.000	6.000	-1.324	0.240
2130.000	6.000	-1.308	0.240
2140.000	6.000	-1.221	0.238
2150.000	6.000	-1.251	0.239
2160.000	6.000	-1.316	0.240
2170.000	6.000	-1.369	0.241
2180.000	6.000	-1.480	0.241
2190.000	6.000	-1.619	0.240
2200.000	6.000	-1.605	0.239
2210.000	6.000	-1.622	0.240
2220.000	6.000	-1.695	0.239
2230.000	6.000	-1.682	0.240
2240.000	6.000	-1.630	0.241
2250.000	6.000	-1.614	0.241
2260.000	6.000	-1.600	0.239
2270.000	6.000	-1.482	0.238
2280.000	6.000	-1.384	0.240
2290.000	6.000	-1.298	0.240
2300.000	6.000	-1.327	0.239
2310.000	6.000	-1.384	0.238
2320.000	6.000	-1.437	0.240
2330.000	6.000	-1.548	0.238
2340.000	6.000	-1.687	0.240
2350.000	6.000	-1.740	0.241
2360.000	6.000	-1.851	0.239
2370.000	6.000	-1.989	0.241
2380.000	6.000	-1.976	0.240
2390.000	6.000	-2.006	0.240
2400.000	6.000	-2.063	0.239
2410.000	6.000	-2.043	0.239
2420.000	6.000	-2.168	0.239
2430.000	6.000	-2.217	0.239
2440.000	6.000	-2.330	0.240
2450.000	6.000	-2.375	0.239
2460.000	6.000	-2.350	0.241
2470.000	6.000	-2.330	0.239
2480.000	6.000	-2.360	0.239
2490.000	6.000	-2.417	0.240
2500.000	6.000	-2.330	0.240
2510.000	6.000	-2.375	0.238
2520.000	6.000	-2.269	0.239
2530.000	6.000	-2.242	0.241
2540.000	6.000	-2.316	0.239
2550.000	6.000	-2.365	0.240
2560.000	6.000	-2.345	0.240
2570.000	6.000	-2.390	0.241
2580.000	6.000	-2.447	0.239
2590.000	6.000	-2.427	0.239
2600.000	6.000	-2.538	0.238
2610.000	6.000	-2.586	0.240
2620.000	6.000	-2.700	0.240
2630.000	6.000	-2.840	0.241
2640.000	6.000	-2.726	0.240
2650.000	6.000	-2.633	0.238
2660.000	6.000	-2.677	0.240
2670.000	6.000	-2.580	0.240
2680.000	6.000	-2.560	0.240
2690.000	6.000	-2.604	0.238
2700.000	6.000	-2.580	0.240
2710.000	6.000	-2.580	0.240
2720.000	6.000	-2.613	0.239
2730.000	6.000	-2.499	0.240
2740.000	6.000	-2.472	0.241
2750.000	6.000	-2.517	0.239
2760.000	6.000	-2.566	0.240
2770.000	6.000	-2.639	0.241
2780.000	6.000	-2.732	0.240
2790.000	6.000	-2.854	0.241
2800.000	6.000	-3.001	0.239
2810.000	6.000	-3.074	0.241
2820.000	6.000	-2.927	0.240
2830.000	6.000	-2.834	0.239
2840.000	6.000	-2.812	0.239
2850.000	6.000	-2.788	0.239
2860.000	6.000	-2.694	0.240
2870.000	6.000	-2.800	0.241
2880.000	6.000	-2.873	0.239
2890.000	6.000	-2.907	0.239
2900.000	6.000	-2.866	0.241
2910.000	6.000	-2.720	0.240
2920.000	6.000	-2.766	0.240
2930.000	6.000	-2.811	0.239
2940.000	6.000	-2.859	0.241
2950.000	6.000	-3.039	0.240
2960.000	6.000	-3.328	0.241
2970.000	6.000	-3.295	0.240
2980.000	6.000	-3.195	0.241
2990.000	6.000	-3.040	0.242
3000.000	6.000	-3.007	0.239
3010.000	6.000	-2.987	0.241
3020.000	6.000	-3.047	0.239
3030.000	6.000	-3.169	0.238
3040.000	6.000	-3.209	0.240
3050.000	6.000	-3.216	0.241
3060.000	6.000	-3.021	0.240
3070.000	6.000	-2.927	0.240
3080.000	6.000	-2.987	0.239
3090.000	6.000	-3.035	0.239
3100.000	6.000	-3.075	0.240
3110.000	6.000	-3.364	0.241
3120.000	6.000	-3.405	0.240
3130.000	6.000	-3.305	0.239
3140.000	6.000	-3.216	0.240
3150.000	6.000	-3.029	0.241
3160.000	6.000	-2.956	0.240
3170.000	6.000	-2.976	0.239
3180.000	6.000	-2.943	0.241
3190.000	6.000	-3.089	0.240
3200.000	6.000	-3.050	0.240
3210.000	6.000	-2.854	0.239
3220.000	6.000	-2.754	0.241
3230.000	6.000	-2.814	0.239
3240.000	6.000	-2.789	0.240
3250.000	6.000	-2.862	0.242
3260.000	6.000	-3.009	0.239
3270.000	6.000	-3.302	0.240
3280.000	6.000	-3.302	0.240
3290.000	6.000	-3.155	0.240
3300.000	6.000	-3.082	0.240
3310.000	6.000	-3.082	0.240
3320.000	6.000	-3.035	0.240
3330.000	6.000	-3.223	0.238
3340.000	6.000	-3.223	0.238
3350.000	6.000	-3.296	0.240
3360.000	6.000	-3.076	0.238
3370.000	6.000	-3.076	0.238
3380.000	6.000	-3.076	0.241
3390.000	6.000	-3.223	0.240
3400.000	6.000	-3.223	0.240
3410.000	6.000	-3.369	0.240
3420.000	6.000	-3.516	0.240
3430.000	6.000	-3.516	0.240
3440.000	6.000	-3.296	0.240
3450.000	6.000	-3.003	0.239
3460.000	6.000	-3.003	0.239
3470.000	6.000	-3.003	0.239
3480.000	6.000	-3.003	0.240
3490.000	6.000	-3.003	0.240
3500.000	6.000	-3.003	0.238
3510.000	6.000	-2.783	0.240
3520.000	6.000	-2.783	0.240
3530.000	6.000	-2.710	0.239
3540.000	6.000	-2.710	0.240
3550.000	6.000	-2.710	0.240
3560.000	6.000	-2.856	0.240
3570.000	6.000	-3.076	0.239
3580.000	6.000	-3.076	0.239
3590.000	6.000	-3.003	0.239
3600.000	6.000	-2.783	0.240
3610.000	6.000	-2.783	0.240
3620.000	6.000	-2.710	0.239
3630.000	6.000	-2.710	0.240
3640.000	6.000	-2.710	0.240
3650.000	6.000	-2.637	0.240
3660.000	6.000	-2.637	0.239
3670.000	6.000	-2.637	0.239
3680.000	6.000	-2.563	0.240
3690.000	6.000	-2.563	0.240
3700.000	6.000	-2.563	0.240
3710.000	6.000	-2.563	0.240
3720.000	6.000	-2.710	0.239
3730.000	6.000	-2.710	0.239
3740.000	6.000	-2.783	0.239
3750.000	6.000	-2.930	0.239
3760.000	6.000	-2.930	0.239
3770.000	6.000	-2.856	0.240
3780.000	6.000	-2.637	0.238
3790.000	6.000	-2.637	0.238
3800.000	6.000	-2.563	0.238
3810.000	6.000	-2.490	0.239
3820.000	6.000	-2.490	0.239
3830.000	6.000	-2.417	0.240
3840.000	6.000	-2.271	0.241
3850.000	6.000	-2.271	0.241
3860.000	6.000	-2.271	0.239
3870.000	6.000	-2.271	0.242
3880.000	6.000	-2.271	0.242
3890.000	6.000	-2.197	0.239
3900.000	6.000	-2.197	0.239
3910.000	6.000	-2.197	0.239
3920.000	6.000	-2.197	0.240
3930.000	6.000	-2.197	0.241
3940.000	6.000	-2.197	0.241
3950.000	6.000	-2.124	0.239
3960.000	6.000	-2.124	0.239
3970.000	6.000	-2.124	0.239
3980.000	6.000	-2.124	0.240
3990.000	6.000	-2.051	0.239
4000.000	6.000	-2.051	0.239
4010.000	6.000	-2.051	0.238
4020.000	6.000	-1.904	0.240
4030.000	6.000	-1.904	0.240
4040.000	6.000	-1.758	0.239
4050.000	6.000	-1.538	0.239
4060.000	6.000	-1.538	0.239
4070.000	6.000	-1.465	0.238
4080.000	6.000	-1.465	0.239
4090.000	6.000	-1.465	0.239
4100.000	6.000	-1.538	0.239
4110.000	6.000	-1.611	0.238
4120.000	6.000	-1.611	0.238
4130.000	6.000	-1.611	0.239
4140.000	6.000	-1.685	0.240
4150.000	6.000	-1.685	0.240
4160.000	6.000	-1.611	0.241
4170.000	6.000	-1.611	0.239
4180.000	6.000	-1.611	0.240
4190.000	6.000	-1.538	0.240
4200.000	6.000	-1.465	0.239
4210.000	6.000	-1.378	0.239
4220.000	6.000	-1.395	0.240
4230.000	6.000	-1.468	0.240
4240.000	6.000	-1.541	0.240
4250.000	6.000	-1.688	0.239
4260.000	6.000	-1.688	0.239
4270.000	6.000	-1.688	0.240
4280.000	6.000	-1.688	0.239
4290.000	6.000	-1.688	0.239
4300.000	6.000	-1.628	0.239
4310.000	6.000	-1.611	0.239
4320.000	6.000	-1.611	0.239
4330.000	6.000	-1.598	0.241
4340.000	6.000	-1.460	0.239
4350.000	6.000	-1.386	0.238
4360.000	6.000	-1.300	0.241
4370.000	6.000	-1.316	0.240
4380.000	6.000	-1.316	0.240
4390.000	6.000	-1.303	0.239
4400.000	6.000	-1.400	0.239
4410.000	6.000	-1.547	0.241
4420.000	6.000	-1.600	0.240
4430.000	6.000	-1.630	0.239
4440.000	6.000	-1.768	0.239
4450.000	6.000	-1.768	0.239
4460.000	6.000	-1.781	0.241
4470.000	6.000	-1.765	0.241
4480.000	6.000	-1.752	0.240
4490.000	6.000	-1.781	0.239
4500.000	6.000	-1.684	0.236
4510.000	6.000	-1.684	0.240
4520.000	6.000	-1.704	0.239
4530.000	6.000	-1.834	0.239
4540.000	6.000	-1.814	0.239
4550.000	6.000	-1.912	0.240
4560.000	6.000	-1.912	0.240
4570.000	6.000	-1.912	0.239
4580.000	6.000	-1.925	0.239
4590.000	6.000	-1.909	0.239
4600.000	6.000	-1.909	0.240
4610.000	6.000	-1.835	0.239
4620.000	6.000	-1.689	0.239
4630.000	6.000	-1.543	0.239
4640.000	6.000	-1.489	0.239
4650.000	6.000	-1.392	0.238
4660.000	6.000	-1.392	0.240
4670.000	6.000	-1.465	0.239
4680.000	6.000	-1.538	0.240
4690.000	6.000	-1.538	0.238
4700.000	6.000	-1.611	0.238
4710.000	6.000	-1.611	0.240
4720.000	6.000	-1.671	0.239
4730.000	6.000	-1.688	0.240
4740.000	6.000	-1.614	0.239
4750.000	6.000	-1.601	0.239
4760.000	6.000	-1.617	0.240
4770.000	6.000	-1.471	0.239
4780.000	6.000	-1.384	0.240
4790.000	6.000	-1.400	0.240
4800.000	6.000	-1.327	0.241
4810.000	6.000	-1.327	0.240
4820.000	6.000	-1.341	0.240
4830.000	6.000	-1.398	0.239
4840.000	6.000	-1.544	0.238
4850.000	6.000	-1.557	0.239
4860.000	6.000	-1.468	0.239
4870.000	6.000	-1.541	0.240
4880.000	6.000	-1.554	0.239
4890.000	6.000	-1.465	0.239
4900.000	6.000	-1.392	0.239
4910.000	6.000	-1.318	0.239
4920.000	6.000	-1.245	0.239
4930.000	6.000	-1.099	0.239
4940.000	6.000	-0.952	0.238
4950.000	6.000	-0.952	0.241
4960.000	6.000	-0.879	0.241
4970.000	6.000	-0.806	0.239
4980.000	6.000	-0.732	0.240
4990.000	6.000	-0.732	0.240
5000.000	6.000	-0.732	0.241
5010.000	6.000	-0.732	0.241
5020.000	6.000	-0.732	0.240
5030.000	6.000	-0.806	0.239
5040.000	6.000	-0.806	0.238
5050.000	6.000	-0.732	0.241
5060.000	6.000	-0.806	0.239
5070.000	6.000	-0.879	0.239
5080.000	6.000	-0.879	0.240
5090.000	6.000	-0.952	0.240
5100.000	6.000	-0.952	0.239
5110.000	6.000	-1.025	0.240
5120.000	6.000	-1.025	0.238
5130.000	6.000	-0.952	0.239
5140.000	6.000	-1.025	0.240
5150.000	6.000	-1.025	0.240
5160.000	6.000	-1.025	0.240
5170.000	6.000	-0.952	0.239
5180.000	6.000	-0.952	0.240
5190.000	6.000	-0.879	0.239
5200.000	6.000	-0.879	0.239
5210.000	6.000	-0.806	0.239
5220.000	6.000	-0.806	0.241
5230.000	6.000	-0.799	0.240
5240.000	6.000	-0.734	0.241
5250.000	6.000	-0.734	0.241
5260.000	6.000	-0.734	0.239
5270.000	6.000	-0.734	0.240
5280.000	6.000	-0.734	0.240
5290.000	6.000	-0.734	0.241
5300.000	6.000	-0.807	0.239
5310.000	6.000	-0.807	0.240
5320.000	6.000	-0.807	0.239
5330.000	6.000	-0.887	0.241
5340.000	6.000	-0.879	0.240
5350.000	6.000	-0.952	0.239
5360.000	6.000	-1.025	0.238
5370.000	6.000	-1.025	0.240
5380.000	6.000	-1.099	0.240
5390.000	6.000	-1.099	0.239
5400.000	6.000	-1.025	0.240
5410.000	6.000	-1.025	0.239
5420.000	6.000	-1.025	0.239
5430.000	6.000	-0.952	0.239
5440.000	6.000	-0.952	0.241
5450.000	6.000	-0.806	0.238
5460.000	6.000	-0.732	0.240
5470.000	6.000	-0.732	0.240
5480.000	6.000	-0.659	0.239
5490.000	6.000	-0.586	0.239
5500.000	6.000	-0.586	0.241
5510.000	6.000	-0.586	0.239
5520.000	6.000	-0.513	0.241
5530.000	6.000	-0.513	0.240
5540.000	6.000	-0.513	0.240
5550.000	6.000	-0.513	0.239
5560.000	6.000	-0.513	0.240
5570.000	6.000	-0.439	0.239
5580.000	6.000	-0.439	0.240
5590.000	6.000	-0.506	0.239
5600.000	6.000	-0.433	0.240
5610.000	6.000	-0.433	0.239
5620.000	6.000	-0.433	0.239
5630.000	6.000	-0.433	0.241
5640.000	6.000	-0.433	0.241
5650.000	6.000	-0.433	0.240
5660.000	6.000	-0.441	0.239
5670.000	6.000	-0.441	0.239
5680.000	6.000	-0.374	0.240
5690.000	6.000	-0.374	0.240
5700.000	6.000	-0.374	0.241
5710.000	6.000	-0.448	0.240
5720.000	6.000	-0.448	0.240
5730.000	6.000	-0.374	0.241
5740.000	6.000	-0.374	0.241
5750.000	6.000	-0.374	0.239
5760.000	6.000	-0.366	0.238
5770.000	6.000	-0.366	0.238
5780.000	6.000	-0.293	0.240
5790.000	6.000	-0.293	0.240
5800.000	6.000	-0.293	0.240
5810.000	6.000	-0.293	0.240
5820.000	6.000	-0.293	0.239
5830.000	6.000	-0.293	0.239
5840.000	6.000	-0.220	0.241
5850.000	6.000	-0.146	0.240
5860.000	6.000	-0.146	0.240
5870.000	6.000	-0.146	0.239
5880.000	6.000	-0.073	0.240
5890.000	6.000	-0.073	0.240
5900.000	6.000	-0.073	0.241
5910.000	6.000	-0.073	0.239
5920.000	6.000	-0.073	0.239
5930.000	6.000	0.073	0.239
5940.000	6.000	0.073	0.240
5950.000	6.000	0.073	0.240
5960.000	6.000	0.073	0.241
5970.000	6.000	0.146	0.242
5980.000	6.000	0.146	0.242
5990.000	6.000	0.146	0.236
6000.000	6.000	0.146	0.240
6010.000	6.000	0.146	0.240
6020.000	6.000	0.146	0.240
6030.000	6.000	0.146	0.240
6040.000	6.000	0.146	0.240
6050.000	6.000	0.146	0.240
6060.000	6.000	0.220	0.148
6070.000	6.000	0.220	0.148
6080.000	6.000	0.220	0.109
6090.000	6.000	0.293	0.059
6100.000	6.000	0.293	0.059
6110.000	6.000	0.366	0.047
6120.000	6.000	0.439	0.025
6130.000	6.000	0.439	0.025
6140.000	6.000	0.439	0.021
6150.000	6.000	0.513	0.014
6160.000	6.000	0.513	0.014
6170.000	6.000	0.586	0.013
6180.000	6.000	0.659	0.012
6190.000	6.000	0.659	0.012
6200.000	6.000	0.732	0.010
6210.000	6.000	0.732	0.009
6220.000	6.000	0.732	0.009
6230.000	6.000	0.806	0.007
6240.000	6.000	0.952	0.007
6250.000	6.000	0.952	0.007
6260.000	6.000	1.099	0.003
6270.000	6.000	1.318	0.007
6280.000	6.000	1.318	0.007
6290.000	6.000	1.538	0.004
6300.000	6.000	1.611	0.006
6310.000	6.000	1.758	0.006
6320.000	6.000	1.831	0.006
6330.000	6.000	1.831	0.004
6340.000	6.000	1.884	0.004
6350.000	6.000	1.974	0.006
6360.000	6.000	1.901	0.003
6370.000	6.000	1.974	0.002
6380.000	6.000	1.974	0.004
6390.000	6.000	1.901	0.003
6400.000	6.000	2.014	0.002
6410.000	6.000	2.038	0.007
6420.000	6.000	2.111	0.002
6430.000	6.000	2.111	0.007
6440.000	6.000	2.131	0.004
6450.000	6.000	2.115	0.002
6460.000	6.000	2.168	0.007
6470.000	6.000	2.111	0.003
6480.000	6.000	2.111	0.003
6490.000	6.000	2.185	0.002
6500.000	6.000	2.218	0.006
6510.000	6.000	2.487	0.003
6520.000	6.000	2.487	0.003
6530.000	6.000	2.633	0.006
6540.000	6.000	2.780	0.007
6550.000	6.000	2.780	0.007
6560.000	6.000	2.873	0.006
6570.000	6.000	3.296	0.006
6580.000	6.000	3.296	0.006
6590.000	6.000	3.296	0.008
6600.000	6.000	3.003	0.004
6610.000	6.000	3.003	0.004
6620.000	6.000	3.003	0.003
6630.000	6.000	3.076	0.004
6640.000	6.000	3.076	0.004
6650.000	6.000	3.296	0.003
6660.000	6.000	3.442	0.004
6670.000	6.000	3.442	0.006
6680.000	6.000	3.296	0.004
6690.000	6.000	3.296	0.003
6700.000	6.000	3.336	0.004
6710.000	6.000	3.604	0.006
6720.000	6.000	3.678	0.007
6730.000	6.000	3.824	0.006
6740.000	6.000	3.751	0.004
6750.000	6.000	3.458	0.004
6760.000	6.000	3.311	0.004
6770.000	6.000	3.311	0.004
6780.000	6.000	3.531	0.002
6790.000	6.000	3.751	0.004
6800.000	6.000	3.784	0.007
6810.000	6.000	3.662	0.006
6820.000	6.000	3.629	0.007
6830.000	6.000	3.751	0.006
6840.000	6.000	3.971	0.004
6850.000	6.000	4.190	0.007
6860.000	6.000	4.190	0.007
6870.000	6.000	3.971	0.004
6880.000	6.000	3.971	0.004
6890.000	6.000	3.971	0.006
6900.000	6.000	4.337	0.006
6910.000	6.000	4.337	0.006
6920.000	6.000	4.370	0.004
6930.000	6.000	4.321	0.006
6940.000	6.000	4.321	0.006
6950.000	6.000	4.395	0.006
6960.000	6.000	4.614	0.006
6970.000	6.000	4.614	0.006
6980.000	6.000	4.614	0.004
6990.000	6.000	4.687	0.007
7000.000	6.000	4.687	0.007
7010.000	6.000	4.761	0.006
7020.000	6.000	4.761	0.006
