%Time [ms]	Commanded Torque [mNm]	Angular Velocity [RPM]	Actual Current [Amp]	%9/23/20259:35 AM
0.000	0.000	0.000	0.000
20.000	20.000	80.078	0.022
30.000	20.000	80.078	0.022
40.000	20.000	60.547	0.023
50.000	20.000	60.547	0.023
60.000	20.000	60.547	0.023
70.000	20.000	60.547	0.017
80.000	20.000	60.547	0.017
90.000	20.000	60.547	0.017
100.000	20.000	58.594	0.027
110.000	20.000	58.594	0.027
120.000	20.000	58.594	0.027
130.000	20.000	27.344	0.024
140.000	20.000	27.344	0.024
150.000	20.000	27.344	0.024
160.000	20.000	39.062	0.022
170.000	20.000	39.062	0.022
180.000	20.000	39.062	0.022
190.000	20.000	91.797	0.033
200.000	20.000	91.797	0.033
210.000	20.000	91.797	0.033
220.000	20.000	83.984	0.030
230.000	20.000	83.984	0.030
240.000	20.000	83.984	0.030
250.000	20.000	72.266	0.010
260.000	20.000	72.266	0.010
270.000	20.000	72.266	0.010
280.000	20.000	56.641	0.002
290.000	20.000	56.641	0.002
300.000	20.000	56.641	0.002
310.000	20.000	58.594	0.028
320.000	20.000	58.594	0.028
330.000	20.000	58.594	0.028
340.000	20.000	85.937	0.029
350.000	20.000	85.937	0.029
360.000	20.000	85.937	0.029
370.000	20.000	42.969	0.041
380.000	20.000	42.969	0.041
390.000	20.000	42.969	0.041
400.000	20.000	50.781	0.023
410.000	20.000	50.781	0.023
420.000	20.000	50.781	0.023
430.000	20.000	41.016	0.017
440.000	20.000	41.016	0.017
450.000	20.000	41.016	0.017
460.000	20.000	83.984	0.021
470.000	20.000	83.984	0.021
480.000	20.000	83.984	0.021
490.000	20.000	42.969	0.005
500.000	20.000	42.969	0.005
510.000	20.000	42.969	0.005
520.000	20.000	66.406	0.025
530.000	20.000	66.406	0.025
540.000	20.000	66.406	0.025
550.000	20.000	27.344	0.013
560.000	20.000	27.344	0.013
570.000	20.000	27.344	0.013
580.000	20.000	64.453	0.024
590.000	20.000	64.453	0.024
600.000	20.000	64.453	0.024
610.000	20.000	68.359	0.026
620.000	20.000	68.359	0.026
630.000	20.000	68.359	0.026
640.000	20.000	50.781	0.027
650.000	20.000	50.781	0.027
660.000	20.000	50.781	0.027
670.000	20.000	39.062	0.026
680.000	20.000	39.062	0.026
690.000	20.000	39.062	0.026
700.000	20.000	76.172	0.009
710.000	20.000	76.172	0.009
720.000	20.000	76.172	0.009
730.000	20.000	83.984	0.028
740.000	20.000	83.984	0.028
750.000	20.000	83.984	0.028
760.000	20.000	72.266	0.014
770.000	20.000	72.266	0.014
780.000	20.000	72.266	0.014
790.000	20.000	50.781	0.021
800.000	20.000	50.781	0.021
810.000	20.000	50.781	0.021
820.000	20.000	48.828	0.012
830.000	20.000	48.828	0.012
840.000	20.000	48.828	0.012
850.000	20.000	62.500	0.032
860.000	20.000	62.500	0.032
870.000	20.000	62.500	0.032
880.000	20.000	37.109	0.012
890.000	20.000	37.109	0.012
900.000	20.000	37.109	0.012
910.000	20.000	41.016	0.009
920.000	20.000	41.016	0.009
930.000	20.000	41.016	0.009
940.000	20.000	78.125	0.033
950.000	20.000	78.125	0.033
960.000	20.000	78.125	0.033
970.000	20.000	39.062	0.021
980.000	20.000	39.062	0.021
990.000	20.000	39.062	0.021
1000.000	20.000	39.062	0.024
1010.000	20.000	39.062	0.024
1020.000	20.000	39.062	0.024
1030.000	20.000	80.078	0.030
1040.000	20.000	80.078	0.030
1050.000	20.000	80.078	0.030
1060.000	20.000	64.453	0.043
1070.000	20.000	64.453	0.043
1080.000	20.000	64.453	0.043
1090.000	20.000	42.969	0.364
1100.000	20.000	42.969	0.364
1110.000	20.000	42.969	0.364
1120.000	20.000	64.453	0.521
1130.000	20.000	64.453	0.521
1140.000	20.000	64.453	0.521
1150.000	20.000	113.281	0.590
1160.000	20.000	113.281	0.590
1170.000	20.000	113.281	0.590
1180.000	20.000	177.734	0.612
1190.000	20.000	177.734	0.612
1200.000	20.000	177.734	0.612
1210.000	20.000	238.281	0.625
1220.000	20.000	238.281	0.625
1230.000	20.000	238.281	0.625
1240.000	20.000	304.687	0.642
1250.000	20.000	304.687	0.642
1260.000	20.000	304.687	0.642
1270.000	20.000	351.562	0.639
1280.000	20.000	351.562	0.639
1290.000	20.000	351.562	0.639
1300.000	20.000	359.375	0.641
1310.000	20.000	359.375	0.641
1320.000	20.000	359.375	0.641
1330.000	20.000	435.547	0.617
1340.000	20.000	435.547	0.617
1350.000	20.000	435.547	0.617
1360.000	20.000	511.719	0.626
1370.000	20.000	511.719	0.626
1380.000	20.000	511.719	0.626
1390.000	20.000	527.344	0.641
1400.000	20.000	527.344	0.641
1410.000	20.000	527.344	0.641
1420.000	20.000	609.375	0.630
1430.000	20.000	609.375	0.630
1440.000	20.000	609.375	0.630
1450.000	20.000	632.812	0.630
1460.000	20.000	632.812	0.630
1470.000	20.000	632.812	0.630
1480.000	20.000	675.781	0.645
1490.000	20.000	675.781	0.645
1500.000	20.000	675.781	0.645
1510.000	20.000	716.797	0.639
1520.000	20.000	716.797	0.639
1530.000	20.000	716.797	0.639
1540.000	20.000	751.953	0.636
1550.000	20.000	751.953	0.636
1560.000	20.000	751.953	0.636
1570.000	20.000	845.703	0.627
1580.000	20.000	845.703	0.627
1590.000	20.000	845.703	0.627
1600.000	20.000	871.094	0.638
1610.000	20.000	871.094	0.638
1620.000	20.000	871.094	0.638
1630.000	20.000	935.547	0.624
1640.000	20.000	935.547	0.624
1650.000	20.000	935.547	0.624
1660.000	20.000	970.703	0.647
1670.000	20.000	970.703	0.647
1680.000	20.000	970.703	0.647
1690.000	20.000	990.234	0.648
1700.000	20.000	990.234	0.648
1710.000	20.000	990.234	0.648
1720.000	20.000	1066.406	0.629
1730.000	20.000	1066.406	0.629
1740.000	20.000	1066.406	0.629
1750.000	20.000	1078.125	0.642
1760.000	20.000	1078.125	0.642
1770.000	20.000	1078.125	0.642
1780.000	20.000	1136.719	0.631
1790.000	20.000	1136.719	0.631
1800.000	20.000	1136.719	0.631
1810.000	20.000	1210.937	0.645
1820.000	20.000	1210.937	0.645
1830.000	20.000	1210.937	0.645
1840.000	20.000	1253.906	0.631
1850.000	20.000	1253.906	0.631
1860.000	20.000	1253.906	0.631
1870.000	20.000	1253.906	0.628
1880.000	20.000	1253.906	0.628
1890.000	20.000	1253.906	0.628
1900.000	20.000	1275.391	0.620
1910.000	20.000	1275.391	0.620
1920.000	20.000	1275.391	0.620
1930.000	20.000	1375.000	0.634
1940.000	20.000	1375.000	0.634
1950.000	20.000	1375.000	0.634
1960.000	20.000	1445.312	0.645
1970.000	20.000	1445.312	0.645
1980.000	20.000	1445.312	0.645
1990.000	20.000	1507.812	0.636
2000.000	20.000	1507.812	0.636
2010.000	20.000	1507.812	0.636
2020.000	20.000	1537.109	0.628
2030.000	20.000	1537.109	0.628
2040.000	20.000	1537.109	0.628
2050.000	20.000	1523.437	0.642
2060.000	20.000	1523.437	0.642
2070.000	20.000	1523.437	0.642
2080.000	20.000	1591.797	0.623
2090.000	20.000	1591.797	0.623
2100.000	20.000	1591.797	0.623
2110.000	20.000	1638.672	0.638
2120.000	20.000	1638.672	0.638
2130.000	20.000	1638.672	0.638
2140.000	20.000	1720.703	0.654
2150.000	20.000	1720.703	0.654
2160.000	20.000	1720.703	0.654
2170.000	20.000	1734.375	0.625
2180.000	20.000	1734.375	0.625
2190.000	20.000	1734.375	0.625
2200.000	20.000	1746.094	0.645
2210.000	20.000	1746.094	0.645
2220.000	20.000	1746.094	0.645
2230.000	20.000	1847.656	0.633
2240.000	20.000	1847.656	0.633
2250.000	20.000	1847.656	0.633
2260.000	20.000	1855.469	0.647
2270.000	20.000	1855.469	0.647
2280.000	20.000	1855.469	0.647
2290.000	20.000	1900.391	0.634
2300.000	20.000	1900.391	0.634
2310.000	20.000	1900.391	0.634
2320.000	20.000	1968.750	0.631
2330.000	20.000	1968.750	0.631
2340.000	20.000	1968.750	0.631
2350.000	20.000	1994.141	0.631
2360.000	20.000	1994.141	0.631
2370.000	20.000	1994.141	0.631
2380.000	20.000	2037.109	0.650
2390.000	20.000	2037.109	0.650
2400.000	20.000	2037.109	0.650
2410.000	20.000	2078.125	0.634
2420.000	20.000	2078.125	0.634
2430.000	20.000	2078.125	0.634
2440.000	20.000	2146.484	0.630
2450.000	20.000	2146.484	0.630
2460.000	20.000	2146.484	0.630
2470.000	20.000	2166.016	0.648
2480.000	20.000	2166.016	0.648
2490.000	20.000	2166.016	0.648
2500.000	20.000	2207.031	0.628
2510.000	20.000	2207.031	0.628
2520.000	20.000	2207.031	0.628
2530.000	20.000	2257.812	0.622
2540.000	20.000	2257.812	0.622
2550.000	20.000	2257.812	0.622
2560.000	20.000	2292.969	0.639
2570.000	20.000	2292.969	0.639
2580.000	20.000	2292.969	0.639
2590.000	20.000	2339.844	0.634
2600.000	20.000	2339.844	0.634
2610.000	20.000	2339.844	0.634
2620.000	20.000	2396.484	0.635
2630.000	20.000	2396.484	0.635
2640.000	20.000	2396.484	0.635
2650.000	20.000	2421.875	0.649
2660.000	20.000	2421.875	0.649
2670.000	20.000	2421.875	0.649
2680.000	20.000	2462.891	0.643
2690.000	20.000	2462.891	0.643
2700.000	20.000	2462.891	0.643
2710.000	20.000	2498.047	0.639
2720.000	20.000	2498.047	0.639
2730.000	20.000	2498.047	0.639
2740.000	20.000	2574.219	0.628
2750.000	20.000	2574.219	0.628
2760.000	20.000	2574.219	0.628
2770.000	20.000	2580.078	0.617
2780.000	20.000	2580.078	0.617
2790.000	20.000	2580.078	0.617
2800.000	20.000	2609.375	0.627
2810.000	20.000	2609.375	0.627
2820.000	20.000	2609.375	0.627
2830.000	20.000	2728.516	0.623
2840.000	20.000	2728.516	0.623
2850.000	20.000	2728.516	0.623
2860.000	20.000	2724.609	0.610
2870.000	20.000	2724.609	0.610
2880.000	20.000	2724.609	0.610
2890.000	20.000	2750.000	0.624
2900.000	20.000	2750.000	0.624
2910.000	20.000	2750.000	0.624
2920.000	20.000	2783.203	0.615
2930.000	20.000	2783.203	0.615
2940.000	20.000	2783.203	0.615
2950.000	20.000	2865.234	0.632
2960.000	20.000	2865.234	0.632
2970.000	20.000	2865.234	0.632
2980.000	20.000	2873.047	0.653
2990.000	20.000	2873.047	0.653
3000.000	20.000	2873.047	0.653
3010.000	20.000	2898.437	0.631
3020.000	20.000	2898.437	0.631
3030.000	20.000	2898.437	0.631
3040.000	20.000	2931.641	0.625
3050.000	20.000	2931.641	0.625
3060.000	20.000	2931.641	0.625
3070.000	20.000	2970.703	0.638
3080.000	20.000	2970.703	0.638
3090.000	20.000	2970.703	0.638
3100.000	20.000	2994.141	0.618
3110.000	20.000	2994.141	0.618
3120.000	20.000	2994.141	0.618
3130.000	20.000	3089.844	0.660
3140.000	20.000	3089.844	0.660
3150.000	20.000	3089.844	0.660
3160.000	20.000	3123.047	0.621
3170.000	20.000	3123.047	0.621
3180.000	20.000	3123.047	0.621
3190.000	20.000	3166.016	0.634
3200.000	20.000	3166.016	0.634
3210.000	20.000	3166.016	0.634
3220.000	20.000	3203.125	0.621
3230.000	20.000	3203.125	0.621
3240.000	20.000	3203.125	0.621
3250.000	20.000	3265.625	0.619
3260.000	20.000	3265.625	0.619
3270.000	20.000	3265.625	0.619
3280.000	20.000	3292.969	0.636
3290.000	20.000	3292.969	0.636
3300.000	20.000	3292.969	0.636
3310.000	20.000	3318.359	0.631
3320.000	20.000	3318.359	0.631
3330.000	20.000	3318.359	0.631
3340.000	20.000	3324.219	0.624
3350.000	20.000	3324.219	0.624
3360.000	20.000	3324.219	0.624
3370.000	20.000	3392.578	0.642
3380.000	20.000	3392.578	0.642
3390.000	20.000	3392.578	0.642
3400.000	20.000	3457.031	0.641
3410.000	20.000	3457.031	0.641
3420.000	20.000	3457.031	0.641
3430.000	20.000	3427.734	0.621
3440.000	20.000	3427.734	0.621
3450.000	20.000	3427.734	0.621
3460.000	20.000	3523.437	0.616
3470.000	20.000	3523.437	0.616
3480.000	20.000	3523.437	0.616
3490.000	20.000	3517.578	0.608
3500.000	20.000	3517.578	0.608
3510.000	20.000	3517.578	0.608
3520.000	20.000	3580.078	0.622
3530.000	20.000	3580.078	0.622
3540.000	20.000	3580.078	0.622
3550.000	20.000	3623.047	0.612
3560.000	20.000	3623.047	0.612
3570.000	20.000	3623.047	0.612
3580.000	20.000	3724.609	0.602
3590.000	20.000	3724.609	0.602
3600.000	20.000	3724.609	0.602
3610.000	20.000	3705.078	0.641
3620.000	20.000	3705.078	0.641
3630.000	20.000	3705.078	0.641
3640.000	20.000	3750.000	0.625
3650.000	20.000	3750.000	0.625
3660.000	20.000	3750.000	0.625
3670.000	20.000	3785.156	0.632
3680.000	20.000	3785.156	0.632
3690.000	20.000	3785.156	0.632
3700.000	20.000	3832.031	0.631
3710.000	20.000	3832.031	0.631
3720.000	20.000	3832.031	0.631
3730.000	20.000	3845.703	0.639
3740.000	20.000	3845.703	0.639
3750.000	20.000	3845.703	0.639
3760.000	20.000	3902.344	0.623
3770.000	20.000	3902.344	0.623
3780.000	20.000	3902.344	0.623
3790.000	20.000	3962.891	0.644
3800.000	20.000	3962.891	0.644
3810.000	20.000	3962.891	0.644
3820.000	20.000	3978.516	0.622
3830.000	20.000	3978.516	0.622
3840.000	20.000	3978.516	0.622
3850.000	20.000	3998.047	0.610
3860.000	20.000	3998.047	0.610
3870.000	20.000	3998.047	0.610
3880.000	20.000	3998.047	0.614
3890.000	20.000	3998.047	0.614
3900.000	20.000	3998.047	0.614
3910.000	20.000	3998.047	0.634
3920.000	20.000	3998.047	0.634
3930.000	20.000	3998.047	0.634
3940.000	20.000	3998.047	0.646
3950.000	20.000	3998.047	0.646
3960.000	20.000	3998.047	0.646
3970.000	20.000	3998.047	0.624
3980.000	20.000	3998.047	0.624
3990.000	20.000	3998.047	0.624
4000.000	20.000	3998.047	0.642
4010.000	20.000	3998.047	0.642
4020.000	20.000	3998.047	0.642
4030.000	20.000	3998.047	0.592
4040.000	20.000	3998.047	0.592
4050.000	20.000	3998.047	0.592
4060.000	20.000	3998.047	0.436
4070.000	20.000	3998.047	0.436
4080.000	20.000	3998.047	0.436
4090.000	20.000	3998.047	0.235
4100.000	20.000	3998.047	0.235
4110.000	20.000	3998.047	0.235
4120.000	20.000	3998.047	0.025
4130.000	20.000	3998.047	0.025
4140.000	20.000	3998.047	0.025
4150.000	20.000	3998.047	-0.099
4160.000	20.000	3998.047	-0.099
4170.000	20.000	3998.047	-0.099
4180.000	20.000	3998.047	-0.244
4190.000	20.000	3998.047	-0.244
4200.000	20.000	3998.047	-0.244
4210.000	20.000	3998.047	-0.271
4220.000	20.000	3998.047	-0.271
4230.000	20.000	3998.047	-0.271
4240.000	20.000	3998.047	-0.205
4250.000	20.000	3998.047	-0.205
4260.000	20.000	3998.047	-0.205
4270.000	20.000	3998.047	-0.092
4280.000	20.000	3998.047	-0.092
4290.000	20.000	3998.047	-0.092
4300.000	20.000	3998.047	0.019
4310.000	20.000	3998.047	0.019
4320.000	20.000	3998.047	0.019
4330.000	20.000	3998.047	0.146
4340.000	20.000	3998.047	0.146
4350.000	20.000	3998.047	0.146
4360.000	20.000	3998.047	0.265
4370.000	20.000	3998.047	0.265
4380.000	20.000	3998.047	0.265
4390.000	20.000	3998.047	0.437
4400.000	20.000	3998.047	0.437
4410.000	20.000	3998.047	0.437
4420.000	20.000	3998.047	0.517
4430.000	20.000	3998.047	0.517
4440.000	20.000	3998.047	0.517
4450.000	20.000	3998.047	0.521
4460.000	20.000	3998.047	0.521
4470.000	20.000	3998.047	0.521
4480.000	20.000	3998.047	0.484
4490.000	20.000	3998.047	0.484
4500.000	20.000	3998.047	0.484
4510.000	20.000	3998.047	0.396
4520.000	20.000	3998.047	0.396
4530.000	20.000	3998.047	0.396
4540.000	20.000	3998.047	0.279
4550.000	20.000	3998.047	0.279
4560.000	20.000	3998.047	0.279
4570.000	20.000	3998.047	0.190
4580.000	20.000	3998.047	0.190
4590.000	20.000	3998.047	0.190
4600.000	20.000	3998.047	0.143
4610.000	20.000	3998.047	0.143
4620.000	20.000	3998.047	0.143
4630.000	20.000	3998.047	0.072
4640.000	20.000	3998.047	0.072
4650.000	20.000	3998.047	0.072
4660.000	20.000	3998.047	0.049
4670.000	20.000	3998.047	0.049
4680.000	20.000	3998.047	0.049
4690.000	20.000	3998.047	0.047
4700.000	20.000	3998.047	0.047
4710.000	20.000	3998.047	0.047
4720.000	20.000	3998.047	0.079
4730.000	20.000	3998.047	0.079
4740.000	20.000	3998.047	0.079
4750.000	20.000	3998.047	0.080
4760.000	20.000	3998.047	0.080
4770.000	20.000	3998.047	0.080
4780.000	20.000	3998.047	0.131
4790.000	20.000	3998.047	0.131
4800.000	20.000	3998.047	0.131
4810.000	20.000	3998.047	0.188
4820.000	20.000	3998.047	0.188
4830.000	20.000	3998.047	0.188
4840.000	20.000	3998.047	0.247
4850.000	20.000	3998.047	0.247
4860.000	20.000	3998.047	0.247
4870.000	20.000	3998.047	0.307
4880.000	20.000	3998.047	0.307
4890.000	20.000	3998.047	0.307
4900.000	20.000	3998.047	0.354
4910.000	20.000	3998.047	0.354
4920.000	20.000	3998.047	0.354
4930.000	20.000	3998.047	0.343
4940.000	20.000	3998.047	0.343
4950.000	20.000	3998.047	0.343
4960.000	20.000	3998.047	0.316
4970.000	20.000	3998.047	0.316
4980.000	20.000	3998.047	0.316
4990.000	20.000	3998.047	0.276
5000.000	20.000	3998.047	0.276
5010.000	20.000	3998.047	0.276
5020.000	20.000	3998.047	0.216
5030.000	20.000	3998.047	0.216
5040.000	20.000	3998.047	0.216
5050.000	20.000	3998.047	0.184
5060.000	20.000	3998.047	0.184
5070.000	20.000	3998.047	0.184
5080.000	20.000	3998.047	0.138
5090.000	20.000	3998.047	0.138
5100.000	20.000	3998.047	0.138
5110.000	20.000	3998.047	0.144
5120.000	20.000	3998.047	0.144
5130.000	20.000	3998.047	0.144
5140.000	20.000	3998.047	0.131
5150.000	20.000	3998.047	0.131
5160.000	20.000	3998.047	0.131
5170.000	20.000	3998.047	0.157
5180.000	20.000	3998.047	0.157
5190.000	20.000	3998.047	0.157
5200.000	20.000	3998.047	0.159
5210.000	20.000	3998.047	0.159
5220.000	20.000	3998.047	0.159
5230.000	20.000	3998.047	0.189
5240.000	20.000	3998.047	0.189
5250.000	20.000	3998.047	0.189
5260.000	20.000	3998.047	0.215
5270.000	20.000	3998.047	0.215
5280.000	20.000	3998.047	0.215
5290.000	20.000	3998.047	0.245
5300.000	20.000	3998.047	0.245
5310.000	20.000	3998.047	0.245
5320.000	20.000	3998.047	0.233
5330.000	20.000	3998.047	0.233
5340.000	20.000	3998.047	0.233
5350.000	20.000	3998.047	0.261
5360.000	20.000	3998.047	0.261
5370.000	20.000	3998.047	0.261
5380.000	20.000	3998.047	0.267
5390.000	20.000	3998.047	0.267
5400.000	20.000	3998.047	0.267
5410.000	20.000	3998.047	0.256
5420.000	20.000	3998.047	0.256
5430.000	20.000	3998.047	0.256
5440.000	20.000	3998.047	0.250
5450.000	20.000	3998.047	0.250
5460.000	20.000	3998.047	0.250
5470.000	20.000	3998.047	0.198
5480.000	20.000	3998.047	0.198
5490.000	20.000	3998.047	0.198
5500.000	20.000	3998.047	0.204
5510.000	20.000	3998.047	0.204
5520.000	20.000	3998.047	0.204
5530.000	20.000	3998.047	0.196
5540.000	20.000	3998.047	0.196
5550.000	20.000	3998.047	0.196
5560.000	20.000	3998.047	0.196
5570.000	20.000	3998.047	0.196
5580.000	20.000	3998.047	0.196
5590.000	20.000	3998.047	0.201
5600.000	20.000	3998.047	0.201
5610.000	20.000	3998.047	0.201
5620.000	20.000	3998.047	0.180
5630.000	20.000	3998.047	0.180
5640.000	20.000	3998.047	0.180
5650.000	20.000	3998.047	0.202
5660.000	20.000	3998.047	0.202
5670.000	20.000	3998.047	0.202
5680.000	20.000	3998.047	0.207
5690.000	20.000	3998.047	0.207
5700.000	20.000	3998.047	0.207
5710.000	20.000	3998.047	0.214
5720.000	20.000	3998.047	0.214
5730.000	20.000	3998.047	0.214
5740.000	20.000	3998.047	0.208
5750.000	20.000	3998.047	0.208
5760.000	20.000	3998.047	0.208
5770.000	20.000	3998.047	0.174
5780.000	20.000	3998.047	0.174
5790.000	20.000	3998.047	0.174
5800.000	20.000	3998.047	0.235
5810.000	20.000	3998.047	0.235
5820.000	20.000	3998.047	0.235
5830.000	20.000	3998.047	0.212
5840.000	20.000	3998.047	0.212
5850.000	20.000	3998.047	0.212
5860.000	20.000	3998.047	0.244
5870.000	20.000	3998.047	0.244
5880.000	20.000	3998.047	0.244
5890.000	20.000	3998.047	0.229
5900.000	20.000	3998.047	0.229
5910.000	20.000	3998.047	0.229
5920.000	20.000	3998.047	0.216
5930.000	20.000	3998.047	0.216
5940.000	20.000	3998.047	0.216
5950.000	20.000	3998.047	0.189
5960.000	20.000	3998.047	0.189
5970.000	20.000	3998.047	0.189
5980.000	20.000	3998.047	0.190
5990.000	20.000	3998.047	0.190
6000.000	20.000	3998.047	0.190
6010.000	20.000	3998.047	0.204
6020.000	20.000	3998.047	0.204
6030.000	20.000	3998.047	0.204
6040.000	20.000	3998.047	0.221
6050.000	20.000	3998.047	0.221
6060.000	20.000	3998.047	0.221
6070.000	20.000	3998.047	0.208
6080.000	20.000	3998.047	0.208
6090.000	20.000	3998.047	0.208
6100.000	20.000	3998.047	0.094
6110.000	20.000	3998.047	0.094
6120.000	20.000	3998.047	0.094
6130.000	20.000	3998.047	0.047
6140.000	20.000	3998.047	0.047
6150.000	20.000	3998.047	0.047
6160.000	20.000	3998.047	0.036
6170.000	20.000	3998.047	0.036
6180.000	20.000	3998.047	0.036
6190.000	20.000	3998.047	0.040
6200.000	20.000	3998.047	0.040
6210.000	20.000	3998.047	0.040
6220.000	20.000	3998.047	0.018
6230.000	20.000	3998.047	0.018
6240.000	20.000	3998.047	0.018
6250.000	20.000	3998.047	0.032
6260.000	20.000	3998.047	0.032
6270.000	20.000	3998.047	0.032
6280.000	20.000	3998.047	0.026
6290.000	20.000	3998.047	0.026
6300.000	20.000	3998.047	0.026
6310.000	20.000	3998.047	0.027
6320.000	20.000	3998.047	0.027
6330.000	20.000	3998.047	0.027
6340.000	20.000	3998.047	0.028
6350.000	20.000	3998.047	0.028
6360.000	20.000	3998.047	0.028
6370.000	20.000	3982.422	0.011
6380.000	20.000	3982.422	0.011
6390.000	20.000	3982.422	0.011
6400.000	20.000	3982.422	0.027
6410.000	20.000	3982.422	0.027
6420.000	20.000	3982.422	0.027
6430.000	20.000	3949.219	0.040
6440.000	20.000	3949.219	0.040
6450.000	20.000	3949.219	0.040
6460.000	20.000	3937.500	0.022
6470.000	20.000	3937.500	0.022
6480.000	20.000	3937.500	0.022
6490.000	20.000	3925.781	0.022
6500.000	20.000	3925.781	0.022
6510.000	20.000	3925.781	0.022
6520.000	20.000	3876.953	-0.002
6530.000	20.000	3876.953	-0.002
6540.000	20.000	3876.953	-0.002
6550.000	20.000	3914.062	0.028
6560.000	20.000	3914.062	0.028
6570.000	20.000	3914.062	0.028
6580.000	20.000	3873.047	0.030
6590.000	20.000	3873.047	0.030
6600.000	20.000	3873.047	0.030
6610.000	20.000	3861.328	0.026
6620.000	20.000	3861.328	0.026
6630.000	20.000	3861.328	0.026
6640.000	20.000	3833.984	0.031
6650.000	20.000	3833.984	0.031
6660.000	20.000	3833.984	0.031
6670.000	20.000	3781.250	0.020
6680.000	20.000	3781.250	0.020
6690.000	20.000	3781.250	0.020
6700.000	20.000	3802.734	0.018
6710.000	20.000	3802.734	0.018
6720.000	20.000	3802.734	0.018
6730.000	20.000	3757.812	0.001
6740.000	20.000	3757.812	0.001
6750.000	20.000	3757.812	0.001
6760.000	20.000	3773.437	0.031
6770.000	20.000	3773.437	0.031
6780.000	20.000	3773.437	0.031
6790.000	20.000	3738.281	0.018
6800.000	20.000	3738.281	0.018
6810.000	20.000	3738.281	0.018
6820.000	20.000	3738.281	0.029
6830.000	20.000	3738.281	0.029
6840.000	20.000	3738.281	0.029
6850.000	20.000	3728.516	0.030
6860.000	20.000	3728.516	0.030
6870.000	20.000	3728.516	0.030
6880.000	20.000	3675.781	0.024
6890.000	20.000	3675.781	0.024
6900.000	20.000	3675.781	0.024
6910.000	20.000	3693.359	0.021
6920.000	20.000	3693.359	0.021
6930.000	20.000	3693.359	0.021
6940.000	20.000	3683.594	0.022
6950.000	20.000	3683.594	0.022
6960.000	20.000	3683.594	0.022
6970.000	20.000	3662.109	0.013
6980.000	20.000	3662.109	0.013
6990.000	20.000	3662.109	0.013
7000.000	20.000	3652.344	0.030
7010.000	20.000	3652.344	0.030
7020.000	20.000	3652.344	0.030
