%Time [ms]	Commanded Torque [mNm]	Angular Velocity [RPM]	Actual Current [Amp]	%9/23/20259:31 AM
0.000	0.000	0.000	0.000
20.000	16.000	85.937	0.037
30.000	16.000	85.937	0.037
40.000	16.000	46.875	0.009
50.000	16.000	46.875	0.009
60.000	16.000	46.875	0.009
70.000	16.000	62.500	0.036
80.000	16.000	62.500	0.036
90.000	16.000	62.500	0.036
100.000	16.000	52.734	0.028
110.000	16.000	52.734	0.028
120.000	16.000	52.734	0.028
130.000	16.000	70.312	0.021
140.000	16.000	70.312	0.021
150.000	16.000	70.312	0.021
160.000	16.000	68.359	0.015
170.000	16.000	68.359	0.015
180.000	16.000	68.359	0.015
190.000	16.000	54.687	0.028
200.000	16.000	54.687	0.028
210.000	16.000	54.687	0.028
220.000	16.000	48.828	0.005
230.000	16.000	48.828	0.005
240.000	16.000	48.828	0.005
250.000	16.000	56.641	0.027
260.000	16.000	56.641	0.027
270.000	16.000	56.641	0.027
280.000	16.000	37.109	0.020
290.000	16.000	37.109	0.020
300.000	16.000	37.109	0.020
310.000	16.000	52.734	0.033
320.000	16.000	52.734	0.033
330.000	16.000	52.734	0.033
340.000	16.000	50.781	0.013
350.000	16.000	50.781	0.013
360.000	16.000	50.781	0.013
370.000	16.000	42.969	0.014
380.000	16.000	42.969	0.014
390.000	16.000	42.969	0.014
400.000	16.000	33.203	0.010
410.000	16.000	33.203	0.010
420.000	16.000	33.203	0.010
430.000	16.000	58.594	0.026
440.000	16.000	58.594	0.026
450.000	16.000	58.594	0.026
460.000	16.000	56.641	0.021
470.000	16.000	56.641	0.021
480.000	16.000	56.641	0.021
490.000	16.000	54.687	0.017
500.000	16.000	54.687	0.017
510.000	16.000	54.687	0.017
520.000	16.000	66.406	0.035
530.000	16.000	66.406	0.035
540.000	16.000	66.406	0.035
550.000	16.000	87.891	0.038
560.000	16.000	87.891	0.038
570.000	16.000	87.891	0.038
580.000	16.000	58.594	0.014
590.000	16.000	58.594	0.014
600.000	16.000	58.594	0.014
610.000	16.000	78.125	0.020
620.000	16.000	78.125	0.020
630.000	16.000	78.125	0.020
640.000	16.000	74.219	0.040
650.000	16.000	74.219	0.040
660.000	16.000	74.219	0.040
670.000	16.000	68.359	0.036
680.000	16.000	68.359	0.036
690.000	16.000	68.359	0.036
700.000	16.000	78.125	0.041
710.000	16.000	78.125	0.041
720.000	16.000	78.125	0.041
730.000	16.000	35.156	0.012
740.000	16.000	35.156	0.012
750.000	16.000	35.156	0.012
760.000	16.000	62.500	0.017
770.000	16.000	62.500	0.017
780.000	16.000	62.500	0.017
790.000	16.000	58.594	0.021
800.000	16.000	58.594	0.021
810.000	16.000	58.594	0.021
820.000	16.000	74.219	0.032
830.000	16.000	74.219	0.032
840.000	16.000	74.219	0.032
850.000	16.000	72.266	0.014
860.000	16.000	72.266	0.014
870.000	16.000	72.266	0.014
880.000	16.000	76.172	0.038
890.000	16.000	76.172	0.038
900.000	16.000	76.172	0.038
910.000	16.000	70.312	0.011
920.000	16.000	70.312	0.011
930.000	16.000	70.312	0.011
940.000	16.000	72.266	0.033
950.000	16.000	72.266	0.033
960.000	16.000	72.266	0.033
970.000	16.000	72.266	0.034
980.000	16.000	72.266	0.034
990.000	16.000	72.266	0.034
1000.000	16.000	68.359	0.021
1010.000	16.000	68.359	0.021
1020.000	16.000	68.359	0.021
1030.000	16.000	82.031	0.035
1040.000	16.000	82.031	0.035
1050.000	16.000	82.031	0.035
1060.000	16.000	64.453	0.039
1070.000	16.000	64.453	0.039
1080.000	16.000	64.453	0.039
1090.000	16.000	52.734	0.277
1100.000	16.000	52.734	0.277
1110.000	16.000	52.734	0.277
1120.000	16.000	85.937	0.407
1130.000	16.000	85.937	0.407
1140.000	16.000	85.937	0.407
1150.000	16.000	121.094	0.473
1160.000	16.000	121.094	0.473
1170.000	16.000	121.094	0.473
1180.000	16.000	169.922	0.473
1190.000	16.000	169.922	0.473
1200.000	16.000	169.922	0.473
1210.000	16.000	189.453	0.498
1220.000	16.000	189.453	0.498
1230.000	16.000	189.453	0.498
1240.000	16.000	267.578	0.501
1250.000	16.000	267.578	0.501
1260.000	16.000	267.578	0.501
1270.000	16.000	283.203	0.515
1280.000	16.000	283.203	0.515
1290.000	16.000	283.203	0.515
1300.000	16.000	302.734	0.499
1310.000	16.000	302.734	0.499
1320.000	16.000	302.734	0.499
1330.000	16.000	343.750	0.497
1340.000	16.000	343.750	0.497
1350.000	16.000	343.750	0.497
1360.000	16.000	388.672	0.505
1370.000	16.000	388.672	0.505
1380.000	16.000	388.672	0.505
1390.000	16.000	404.297	0.494
1400.000	16.000	404.297	0.494
1410.000	16.000	404.297	0.494
1420.000	16.000	443.359	0.507
1430.000	16.000	443.359	0.507
1440.000	16.000	443.359	0.507
1450.000	16.000	464.844	0.503
1460.000	16.000	464.844	0.503
1470.000	16.000	464.844	0.503
1480.000	16.000	529.297	0.508
1490.000	16.000	529.297	0.508
1500.000	16.000	529.297	0.508
1510.000	16.000	556.641	0.508
1520.000	16.000	556.641	0.508
1530.000	16.000	556.641	0.508
1540.000	16.000	601.562	0.497
1550.000	16.000	601.562	0.497
1560.000	16.000	601.562	0.497
1570.000	16.000	632.812	0.497
1580.000	16.000	632.812	0.497
1590.000	16.000	632.812	0.497
1600.000	16.000	658.203	0.485
1610.000	16.000	658.203	0.485
1620.000	16.000	658.203	0.485
1630.000	16.000	705.078	0.472
1640.000	16.000	705.078	0.472
1650.000	16.000	705.078	0.472
1660.000	16.000	722.656	0.496
1670.000	16.000	722.656	0.496
1680.000	16.000	722.656	0.496
1690.000	16.000	773.437	0.494
1700.000	16.000	773.437	0.494
1710.000	16.000	773.437	0.494
1720.000	16.000	814.453	0.492
1730.000	16.000	814.453	0.492
1740.000	16.000	814.453	0.492
1750.000	16.000	837.891	0.504
1760.000	16.000	837.891	0.504
1770.000	16.000	837.891	0.504
1780.000	16.000	853.516	0.516
1790.000	16.000	853.516	0.516
1800.000	16.000	853.516	0.516
1810.000	16.000	890.625	0.484
1820.000	16.000	890.625	0.484
1830.000	16.000	890.625	0.484
1840.000	16.000	910.156	0.486
1850.000	16.000	910.156	0.486
1860.000	16.000	910.156	0.486
1870.000	16.000	986.328	0.525
1880.000	16.000	986.328	0.525
1890.000	16.000	986.328	0.525
1900.000	16.000	986.328	0.509
1910.000	16.000	986.328	0.509
1920.000	16.000	986.328	0.509
1930.000	16.000	1033.203	0.489
1940.000	16.000	1033.203	0.489
1950.000	16.000	1033.203	0.489
1960.000	16.000	1076.172	0.495
1970.000	16.000	1076.172	0.495
1980.000	16.000	1076.172	0.495
1990.000	16.000	1070.312	0.481
2000.000	16.000	1070.312	0.481
2010.000	16.000	1070.312	0.481
2020.000	16.000	1128.906	0.516
2030.000	16.000	1128.906	0.516
2040.000	16.000	1128.906	0.516
2050.000	16.000	1136.719	0.511
2060.000	16.000	1136.719	0.511
2070.000	16.000	1136.719	0.511
2080.000	16.000	1183.594	0.494
2090.000	16.000	1183.594	0.494
2100.000	16.000	1183.594	0.494
2110.000	16.000	1255.859	0.490
2120.000	16.000	1255.859	0.490
2130.000	16.000	1255.859	0.490
2140.000	16.000	1222.656	0.509
2150.000	16.000	1222.656	0.509
2160.000	16.000	1222.656	0.509
2170.000	16.000	1285.156	0.492
2180.000	16.000	1285.156	0.492
2190.000	16.000	1285.156	0.492
2200.000	16.000	1324.219	0.501
2210.000	16.000	1324.219	0.501
2220.000	16.000	1324.219	0.501
2230.000	16.000	1365.234	0.509
2240.000	16.000	1365.234	0.509
2250.000	16.000	1365.234	0.509
2260.000	16.000	1373.047	0.484
2270.000	16.000	1373.047	0.484
2280.000	16.000	1373.047	0.484
2290.000	16.000	1449.219	0.504
2300.000	16.000	1449.219	0.504
2310.000	16.000	1449.219	0.504
2320.000	16.000	1457.031	0.504
2330.000	16.000	1457.031	0.504
2340.000	16.000	1457.031	0.504
2350.000	16.000	1476.562	0.493
2360.000	16.000	1476.562	0.493
2370.000	16.000	1476.562	0.493
2380.000	16.000	1533.203	0.492
2390.000	16.000	1533.203	0.492
2400.000	16.000	1533.203	0.492
2410.000	16.000	1548.828	0.476
2420.000	16.000	1548.828	0.476
2430.000	16.000	1548.828	0.476
2440.000	16.000	1597.656	0.506
2450.000	16.000	1597.656	0.506
2460.000	16.000	1597.656	0.506
2470.000	16.000	1626.953	0.479
2480.000	16.000	1626.953	0.479
2490.000	16.000	1626.953	0.479
2500.000	16.000	1652.344	0.498
2510.000	16.000	1652.344	0.498
2520.000	16.000	1652.344	0.498
2530.000	16.000	1667.969	0.502
2540.000	16.000	1667.969	0.502
2550.000	16.000	1667.969	0.502
2560.000	16.000	1681.641	0.507
2570.000	16.000	1681.641	0.507
2580.000	16.000	1681.641	0.507
2590.000	16.000	1732.422	0.505
2600.000	16.000	1732.422	0.505
2610.000	16.000	1732.422	0.505
2620.000	16.000	1767.578	0.487
2630.000	16.000	1767.578	0.487
2640.000	16.000	1767.578	0.487
2650.000	16.000	1791.016	0.503
2660.000	16.000	1791.016	0.503
2670.000	16.000	1791.016	0.503
2680.000	16.000	1822.266	0.466
2690.000	16.000	1822.266	0.466
2700.000	16.000	1822.266	0.466
2710.000	16.000	1878.906	0.502
2720.000	16.000	1878.906	0.502
2730.000	16.000	1878.906	0.502
2740.000	16.000	1892.578	0.507
2750.000	16.000	1892.578	0.507
2760.000	16.000	1892.578	0.507
2770.000	16.000	1929.687	0.500
2780.000	16.000	1929.687	0.500
2790.000	16.000	1929.687	0.500
2800.000	16.000	1958.984	0.493
2810.000	16.000	1958.984	0.493
2820.000	16.000	1958.984	0.493
2830.000	16.000	1986.328	0.478
2840.000	16.000	1986.328	0.478
2850.000	16.000	1986.328	0.478
2860.000	16.000	2031.250	0.487
2870.000	16.000	2031.250	0.487
2880.000	16.000	2031.250	0.487
2890.000	16.000	2031.250	0.477
2900.000	16.000	2031.250	0.477
2910.000	16.000	2031.250	0.477
2920.000	16.000	2060.547	0.519
2930.000	16.000	2060.547	0.519
2940.000	16.000	2060.547	0.519
2950.000	16.000	2083.984	0.503
2960.000	16.000	2083.984	0.503
2970.000	16.000	2083.984	0.503
2980.000	16.000	2121.094	0.502
2990.000	16.000	2121.094	0.502
3000.000	16.000	2121.094	0.502
3010.000	16.000	2160.156	0.490
3020.000	16.000	2160.156	0.490
3030.000	16.000	2160.156	0.490
3040.000	16.000	2220.703	0.502
3050.000	16.000	2220.703	0.502
3060.000	16.000	2220.703	0.502
3070.000	16.000	2166.016	0.485
3080.000	16.000	2166.016	0.485
3090.000	16.000	2166.016	0.485
3100.000	16.000	2261.719	0.497
3110.000	16.000	2261.719	0.497
3120.000	16.000	2261.719	0.497
3130.000	16.000	2279.297	0.509
3140.000	16.000	2279.297	0.509
3150.000	16.000	2279.297	0.509
3160.000	16.000	2306.641	0.482
3170.000	16.000	2306.641	0.482
3180.000	16.000	2306.641	0.482
3190.000	16.000	2355.469	0.510
3200.000	16.000	2355.469	0.510
3210.000	16.000	2355.469	0.510
3220.000	16.000	2390.625	0.495
3230.000	16.000	2390.625	0.495
3240.000	16.000	2390.625	0.495
3250.000	16.000	2427.734	0.493
3260.000	16.000	2427.734	0.493
3270.000	16.000	2427.734	0.493
3280.000	16.000	2441.406	0.505
3290.000	16.000	2441.406	0.505
3300.000	16.000	2441.406	0.505
3310.000	16.000	2490.234	0.494
3320.000	16.000	2490.234	0.494
3330.000	16.000	2490.234	0.494
3340.000	16.000	2478.516	0.485
3350.000	16.000	2478.516	0.485
3360.000	16.000	2478.516	0.485
3370.000	16.000	2544.922	0.479
3380.000	16.000	2544.922	0.479
3390.000	16.000	2544.922	0.479
3400.000	16.000	2535.156	0.493
3410.000	16.000	2535.156	0.493
3420.000	16.000	2535.156	0.493
3430.000	16.000	2562.500	0.511
3440.000	16.000	2562.500	0.511
3450.000	16.000	2562.500	0.511
3460.000	16.000	2615.234	0.485
3470.000	16.000	2615.234	0.485
3480.000	16.000	2615.234	0.485
3490.000	16.000	2605.469	0.506
3500.000	16.000	2605.469	0.506
3510.000	16.000	2605.469	0.506
3520.000	16.000	2687.500	0.502
3530.000	16.000	2687.500	0.502
3540.000	16.000	2687.500	0.502
3550.000	16.000	2697.266	0.486
3560.000	16.000	2697.266	0.486
3570.000	16.000	2697.266	0.486
3580.000	16.000	2703.125	0.492
3590.000	16.000	2703.125	0.492
3600.000	16.000	2703.125	0.492
3610.000	16.000	2773.437	0.506
3620.000	16.000	2773.437	0.506
3630.000	16.000	2773.437	0.506
3640.000	16.000	2753.906	0.495
3650.000	16.000	2753.906	0.495
3660.000	16.000	2753.906	0.495
3670.000	16.000	2810.547	0.501
3680.000	16.000	2810.547	0.501
3690.000	16.000	2810.547	0.501
3700.000	16.000	2837.891	0.511
3710.000	16.000	2837.891	0.511
3720.000	16.000	2837.891	0.511
3730.000	16.000	2894.531	0.505
3740.000	16.000	2894.531	0.505
3750.000	16.000	2894.531	0.505
3760.000	16.000	2873.047	0.489
3770.000	16.000	2873.047	0.489
3780.000	16.000	2873.047	0.489
3790.000	16.000	2914.062	0.500
3800.000	16.000	2914.062	0.500
3810.000	16.000	2914.062	0.500
3820.000	16.000	2949.219	0.517
3830.000	16.000	2949.219	0.517
3840.000	16.000	2949.219	0.517
3850.000	16.000	2970.703	0.453
3860.000	16.000	2970.703	0.453
3870.000	16.000	2970.703	0.453
3880.000	16.000	2951.172	0.500
3890.000	16.000	2951.172	0.500
3900.000	16.000	2951.172	0.500
3910.000	16.000	3025.391	0.502
3920.000	16.000	3025.391	0.502
3930.000	16.000	3025.391	0.502
3940.000	16.000	3072.266	0.490
3950.000	16.000	3072.266	0.490
3960.000	16.000	3072.266	0.490
3970.000	16.000	3082.031	0.507
3980.000	16.000	3082.031	0.507
3990.000	16.000	3082.031	0.507
4000.000	16.000	3105.469	0.479
4010.000	16.000	3105.469	0.479
4020.000	16.000	3105.469	0.479
4030.000	16.000	3144.531	0.496
4040.000	16.000	3144.531	0.496
4050.000	16.000	3144.531	0.496
4060.000	16.000	3169.922	0.473
4070.000	16.000	3169.922	0.473
4080.000	16.000	3169.922	0.473
4090.000	16.000	3183.594	0.511
4100.000	16.000	3183.594	0.511
4110.000	16.000	3183.594	0.511
4120.000	16.000	3222.656	0.484
4130.000	16.000	3222.656	0.484
4140.000	16.000	3222.656	0.484
4150.000	16.000	3218.750	0.495
4160.000	16.000	3218.750	0.495
4170.000	16.000	3218.750	0.495
4180.000	16.000	3279.297	0.501
4190.000	16.000	3279.297	0.501
4200.000	16.000	3279.297	0.501
4210.000	16.000	3318.359	0.505
4220.000	16.000	3318.359	0.505
4230.000	16.000	3318.359	0.505
4240.000	16.000	3328.125	0.488
4250.000	16.000	3328.125	0.488
4260.000	16.000	3328.125	0.488
4270.000	16.000	3376.953	0.474
4280.000	16.000	3376.953	0.474
4290.000	16.000	3376.953	0.474
4300.000	16.000	3369.141	0.498
4310.000	16.000	3369.141	0.498
4320.000	16.000	3369.141	0.498
4330.000	16.000	3421.875	0.498
4340.000	16.000	3421.875	0.498
4350.000	16.000	3421.875	0.498
4360.000	16.000	3445.312	0.502
4370.000	16.000	3445.312	0.502
4380.000	16.000	3445.312	0.502
4390.000	16.000	3429.687	0.486
4400.000	16.000	3429.687	0.486
4410.000	16.000	3429.687	0.486
4420.000	16.000	3535.156	0.496
4430.000	16.000	3535.156	0.496
4440.000	16.000	3535.156	0.496
4450.000	16.000	3535.156	0.485
4460.000	16.000	3535.156	0.485
4470.000	16.000	3535.156	0.485
4480.000	16.000	3546.875	0.475
4490.000	16.000	3546.875	0.475
4500.000	16.000	3546.875	0.475
4510.000	16.000	3583.984	0.493
4520.000	16.000	3583.984	0.493
4530.000	16.000	3583.984	0.493
4540.000	16.000	3626.953	0.506
4550.000	16.000	3626.953	0.506
4560.000	16.000	3626.953	0.506
4570.000	16.000	3630.859	0.494
4580.000	16.000	3630.859	0.494
4590.000	16.000	3630.859	0.494
4600.000	16.000	3693.359	0.518
4610.000	16.000	3693.359	0.518
4620.000	16.000	3693.359	0.518
4630.000	16.000	3718.750	0.501
4640.000	16.000	3718.750	0.501
4650.000	16.000	3718.750	0.501
4660.000	16.000	3710.937	0.480
4670.000	16.000	3710.937	0.480
4680.000	16.000	3710.937	0.480
4690.000	16.000	3705.078	0.496
4700.000	16.000	3705.078	0.496
4710.000	16.000	3705.078	0.496
4720.000	16.000	3748.047	0.473
4730.000	16.000	3748.047	0.473
4740.000	16.000	3748.047	0.473
4750.000	16.000	3779.297	0.483
4760.000	16.000	3779.297	0.483
4770.000	16.000	3779.297	0.483
4780.000	16.000	3826.172	0.503
4790.000	16.000	3826.172	0.503
4800.000	16.000	3826.172	0.503
4810.000	16.000	3789.062	0.481
4820.000	16.000	3789.062	0.481
4830.000	16.000	3789.062	0.481
4840.000	16.000	3869.141	0.499
4850.000	16.000	3869.141	0.499
4860.000	16.000	3869.141	0.499
4870.000	16.000	3900.391	0.506
4880.000	16.000	3900.391	0.506
4890.000	16.000	3900.391	0.506
4900.000	16.000	3912.109	0.485
4910.000	16.000	3912.109	0.485
4920.000	16.000	3912.109	0.485
4930.000	16.000	3958.984	0.502
4940.000	16.000	3958.984	0.502
4950.000	16.000	3958.984	0.502
4960.000	16.000	3968.750	0.498
4970.000	16.000	3968.750	0.498
4980.000	16.000	3968.750	0.498
4990.000	16.000	3968.750	0.467
5000.000	16.000	3968.750	0.467
5010.000	16.000	3968.750	0.467
5020.000	16.000	3998.047	0.484
5030.000	16.000	3998.047	0.484
5040.000	16.000	3998.047	0.484
5050.000	16.000	3998.047	0.485
5060.000	16.000	3998.047	0.485
5070.000	16.000	3998.047	0.485
5080.000	16.000	3998.047	0.501
5090.000	16.000	3998.047	0.501
5100.000	16.000	3998.047	0.501
5110.000	16.000	3998.047	0.505
5120.000	16.000	3998.047	0.505
5130.000	16.000	3998.047	0.505
5140.000	16.000	3998.047	0.512
5150.000	16.000	3998.047	0.512
5160.000	16.000	3998.047	0.512
5170.000	16.000	3998.047	0.500
5180.000	16.000	3998.047	0.500
5190.000	16.000	3998.047	0.500
5200.000	16.000	3998.047	0.496
5210.000	16.000	3998.047	0.496
5220.000	16.000	3998.047	0.496
5230.000	16.000	3998.047	0.483
5240.000	16.000	3998.047	0.483
5250.000	16.000	3998.047	0.483
5260.000	16.000	3998.047	0.476
5270.000	16.000	3998.047	0.476
5280.000	16.000	3998.047	0.476
5290.000	16.000	3998.047	0.378
5300.000	16.000	3998.047	0.378
5310.000	16.000	3998.047	0.378
5320.000	16.000	3998.047	0.233
5330.000	16.000	3998.047	0.233
5340.000	16.000	3998.047	0.233
5350.000	16.000	3998.047	0.077
5360.000	16.000	3998.047	0.077
5370.000	16.000	3998.047	0.077
5380.000	16.000	3998.047	-0.021
5390.000	16.000	3998.047	-0.021
5400.000	16.000	3998.047	-0.021
5410.000	16.000	3998.047	-0.112
5420.000	16.000	3998.047	-0.112
5430.000	16.000	3998.047	-0.112
5440.000	16.000	3998.047	-0.141
5450.000	16.000	3998.047	-0.141
5460.000	16.000	3998.047	-0.141
5470.000	16.000	3998.047	-0.127
5480.000	16.000	3998.047	-0.127
5490.000	16.000	3998.047	-0.127
5500.000	16.000	3998.047	-0.075
5510.000	16.000	3998.047	-0.075
5520.000	16.000	3998.047	-0.075
5530.000	16.000	3998.047	0.013
5540.000	16.000	3998.047	0.013
5550.000	16.000	3998.047	0.013
5560.000	16.000	3998.047	0.117
5570.000	16.000	3998.047	0.117
5580.000	16.000	3998.047	0.117
5590.000	16.000	3998.047	0.218
5600.000	16.000	3998.047	0.218
5610.000	16.000	3998.047	0.218
5620.000	16.000	3998.047	0.350
5630.000	16.000	3998.047	0.350
5640.000	16.000	3998.047	0.350
5650.000	16.000	3998.047	0.437
5660.000	16.000	3998.047	0.437
5670.000	16.000	3998.047	0.437
5680.000	16.000	3998.047	0.451
5690.000	16.000	3998.047	0.451
5700.000	16.000	3998.047	0.451
5710.000	16.000	3998.047	0.462
5720.000	16.000	3998.047	0.462
5730.000	16.000	3998.047	0.462
5740.000	16.000	3998.047	0.437
5750.000	16.000	3998.047	0.437
5760.000	16.000	3998.047	0.437
5770.000	16.000	3998.047	0.342
5780.000	16.000	3998.047	0.342
5790.000	16.000	3998.047	0.342
5800.000	16.000	3998.047	0.258
5810.000	16.000	3998.047	0.258
5820.000	16.000	3998.047	0.258
5830.000	16.000	3998.047	0.192
5840.000	16.000	3998.047	0.192
5850.000	16.000	3998.047	0.192
5860.000	16.000	3998.047	0.131
5870.000	16.000	3998.047	0.131
5880.000	16.000	3998.047	0.131
5890.000	16.000	3998.047	0.078
5900.000	16.000	3998.047	0.078
5910.000	16.000	3998.047	0.078
5920.000	16.000	3998.047	0.090
5930.000	16.000	3998.047	0.090
5940.000	16.000	3998.047	0.090
5950.000	16.000	3998.047	0.070
5960.000	16.000	3998.047	0.070
5970.000	16.000	3998.047	0.070
5980.000	16.000	3998.047	0.096
5990.000	16.000	3998.047	0.096
6000.000	16.000	3998.047	0.096
6010.000	16.000	3998.047	0.119
6020.000	16.000	3998.047	0.119
6030.000	16.000	3998.047	0.119
6040.000	16.000	3998.047	0.159
6050.000	16.000	3998.047	0.159
6060.000	16.000	3998.047	0.159
6070.000	16.000	3998.047	0.218
6080.000	16.000	3998.047	0.218
6090.000	16.000	3998.047	0.218
6100.000	16.000	3998.047	0.130
6110.000	16.000	3998.047	0.130
6120.000	16.000	3998.047	0.130
6130.000	16.000	3998.047	0.067
6140.000	16.000	3998.047	0.067
6150.000	16.000	3998.047	0.067
6160.000	16.000	3998.047	0.031
6170.000	16.000	3998.047	0.031
6180.000	16.000	3998.047	0.031
6190.000	16.000	3998.047	0.028
6200.000	16.000	3998.047	0.028
6210.000	16.000	3998.047	0.028
6220.000	16.000	3998.047	0.026
6230.000	16.000	3998.047	0.026
6240.000	16.000	3998.047	0.026
6250.000	16.000	3998.047	0.038
6260.000	16.000	3998.047	0.038
6270.000	16.000	3998.047	0.038
6280.000	16.000	3998.047	0.035
6290.000	16.000	3998.047	0.035
6300.000	16.000	3998.047	0.035
6310.000	16.000	3968.750	0.027
6320.000	16.000	3968.750	0.027
6330.000	16.000	3968.750	0.027
6340.000	16.000	3964.844	0.008
6350.000	16.000	3964.844	0.008
6360.000	16.000	3964.844	0.008
6370.000	16.000	3949.219	0.008
6380.000	16.000	3949.219	0.008
6390.000	16.000	3949.219	0.008
6400.000	16.000	3949.219	0.028
6410.000	16.000	3949.219	0.028
6420.000	16.000	3949.219	0.028
6430.000	16.000	3912.109	0.016
6440.000	16.000	3912.109	0.016
6450.000	16.000	3912.109	0.016
6460.000	16.000	3896.484	0.012
6470.000	16.000	3896.484	0.012
6480.000	16.000	3896.484	0.012
6490.000	16.000	3894.531	0.026
6500.000	16.000	3894.531	0.026
6510.000	16.000	3894.531	0.026
6520.000	16.000	3861.328	0.013
6530.000	16.000	3861.328	0.013
6540.000	16.000	3861.328	0.013
6550.000	16.000	3849.609	0.014
6560.000	16.000	3849.609	0.014
6570.000	16.000	3849.609	0.014
6580.000	16.000	3845.703	0.027
6590.000	16.000	3845.703	0.027
6600.000	16.000	3845.703	0.027
6610.000	16.000	3800.781	-0.006
6620.000	16.000	3800.781	-0.006
6630.000	16.000	3800.781	-0.006
6640.000	16.000	3779.297	0.011
6650.000	16.000	3779.297	0.011
6660.000	16.000	3779.297	0.011
6670.000	16.000	3796.875	0.014
6680.000	16.000	3796.875	0.014
6690.000	16.000	3796.875	0.014
6700.000	16.000	3777.344	0.021
6710.000	16.000	3777.344	0.021
6720.000	16.000	3777.344	0.021
6730.000	16.000	3779.297	0.031
6740.000	16.000	3779.297	0.031
6750.000	16.000	3779.297	0.031
6760.000	16.000	3703.125	0.016
6770.000	16.000	3703.125	0.016
6780.000	16.000	3703.125	0.016
6790.000	16.000	3707.031	0.029
6800.000	16.000	3707.031	0.029
6810.000	16.000	3707.031	0.029
6820.000	16.000	3695.312	0.023
6830.000	16.000	3695.312	0.023
6840.000	16.000	3695.312	0.023
6850.000	16.000	3699.219	0.013
6860.000	16.000	3699.219	0.013
6870.000	16.000	3699.219	0.013
6880.000	16.000	3685.547	0.021
6890.000	16.000	3685.547	0.021
6900.000	16.000	3685.547	0.021
6910.000	16.000	3662.109	0.025
6920.000	16.000	3662.109	0.025
6930.000	16.000	3662.109	0.025
6940.000	16.000	3638.672	0.009
6950.000	16.000	3638.672	0.009
6960.000	16.000	3638.672	0.009
6970.000	16.000	3626.953	0.033
6980.000	16.000	3626.953	0.033
6990.000	16.000	3626.953	0.033
7000.000	16.000	3595.703	0.019
7010.000	16.000	3595.703	0.019
7020.000	16.000	3595.703	0.019
