%Time [ms]	Commanded Torque [mNm]	Angular Velocity [RPM]	Actual Current [Amp]	%9/23/20259:40 AM
0.000	0.000	0.000	0.000
20.000	10.000	0.000	0.006
30.000	10.000	0.000	0.007
40.000	10.000	0.000	0.006
50.000	10.000	0.000	0.006
60.000	10.000	0.000	0.004
70.000	10.000	0.000	0.006
80.000	10.000	0.000	0.006
90.000	10.000	0.000	0.004
100.000	10.000	0.000	0.006
110.000	10.000	0.000	0.006
120.000	10.000	0.000	0.006
130.000	10.000	0.000	0.007
140.000	10.000	0.000	0.007
150.000	10.000	0.000	0.004
160.000	10.000	0.000	0.006
170.000	10.000	0.000	0.006
180.000	10.000	0.000	0.004
190.000	10.000	0.000	0.006
200.000	10.000	0.000	0.006
210.000	10.000	0.000	0.006
220.000	10.000	0.000	0.003
230.000	10.000	0.000	0.003
240.000	10.000	0.000	0.004
250.000	10.000	0.000	0.006
260.000	10.000	0.000	0.006
270.000	10.000	0.000	0.003
280.000	10.000	0.000	0.003
290.000	10.000	0.000	0.003
300.000	10.000	0.000	0.006
310.000	10.000	0.000	0.006
320.000	10.000	0.000	0.006
330.000	10.000	0.000	0.004
340.000	10.000	0.000	0.004
350.000	10.000	0.000	0.004
360.000	10.000	0.000	0.006
370.000	10.000	0.000	0.003
380.000	10.000	0.000	0.003
390.000	10.000	0.000	0.004
400.000	10.000	0.000	0.003
410.000	10.000	0.000	0.002
420.000	10.000	0.000	0.003
430.000	10.000	0.000	0.004
440.000	10.000	0.000	0.003
450.000	10.000	0.000	0.003
460.000	10.000	0.000	0.002
470.000	10.000	0.000	0.006
480.000	10.000	0.000	0.002
490.000	10.000	0.000	0.004
500.000	10.000	0.000	0.003
510.000	10.000	0.000	0.006
520.000	10.000	0.000	0.004
530.000	10.000	0.000	0.004
540.000	10.000	0.000	0.002
550.000	10.000	0.000	0.002
560.000	10.000	0.000	0.002
570.000	10.000	0.000	0.003
580.000	10.000	0.000	0.007
590.000	10.000	0.000	0.007
600.000	10.000	0.000	0.001
610.000	10.000	0.000	0.006
620.000	10.000	0.000	0.006
630.000	10.000	0.000	0.006
640.000	10.000	0.000	0.002
650.000	10.000	0.000	0.002
660.000	10.000	0.000	0.007
670.000	10.000	0.000	0.006
680.000	10.000	0.000	0.006
690.000	10.000	0.000	0.002
700.000	10.000	0.000	0.003
710.000	10.000	0.000	0.003
720.000	10.000	0.000	0.007
730.000	10.000	0.000	0.007
740.000	10.000	0.000	0.007
750.000	10.000	0.000	0.002
760.000	10.000	0.000	0.006
770.000	10.000	0.000	0.003
780.000	10.000	0.000	0.002
790.000	10.000	0.000	0.004
800.000	10.000	0.000	0.007
810.000	10.000	0.000	0.002
820.000	10.000	0.000	0.002
830.000	10.000	0.000	0.002
840.000	10.000	0.000	0.001
850.000	10.000	0.000	0.006
860.000	10.000	0.000	0.003
870.000	10.000	0.000	0.002
880.000	10.000	0.000	0.002
890.000	10.000	0.000	0.001
900.000	10.000	0.000	0.002
910.000	10.000	0.000	0.004
920.000	10.000	0.000	0.003
930.000	10.000	0.000	0.002
940.000	10.000	0.000	0.002
950.000	10.000	0.000	0.006
960.000	10.000	0.000	0.004
970.000	10.000	0.000	0.006
980.000	10.000	0.000	0.006
990.000	10.000	0.000	0.003
1000.000	10.000	0.000	0.003
1010.000	10.000	0.000	0.003
1020.000	10.000	0.000	0.003
1030.000	10.000	-0.073	0.045
1040.000	10.000	-0.073	0.045
1050.000	10.000	-0.073	0.141
1060.000	10.000	-0.073	0.258
1070.000	10.000	-0.073	0.258
1080.000	10.000	-0.146	0.299
1090.000	10.000	-0.220	0.324
1100.000	10.000	-0.293	0.343
1110.000	10.000	-0.366	0.357
1120.000	10.000	-0.439	0.368
1130.000	10.000	-0.513	0.377
1140.000	10.000	-0.513	0.383
1150.000	10.000	-0.659	0.384
1160.000	10.000	-0.806	0.389
1170.000	10.000	-0.879	0.389
1180.000	10.000	-1.025	0.393
1190.000	10.000	-1.099	0.391
1200.000	10.000	-1.318	0.395
1210.000	10.000	-1.465	0.395
1220.000	10.000	-1.685	0.395
1230.000	10.000	-1.831	0.395
1240.000	10.000	-1.978	0.394
1250.000	10.000	-2.051	0.394
1260.000	10.000	-2.124	0.394
1270.000	10.000	-2.344	0.397
1280.000	10.000	-2.457	0.397
1290.000	10.000	-2.799	0.397
1300.000	10.000	-2.872	0.397
1310.000	10.000	-2.945	0.396
1320.000	10.000	-2.872	0.395
1330.000	10.000	-2.945	0.396
1340.000	10.000	-2.992	0.399
1350.000	10.000	-3.098	0.397
1360.000	10.000	-3.244	0.396
1370.000	10.000	-3.464	0.396
1380.000	10.000	-3.570	0.399
1390.000	10.000	-3.448	0.396
1400.000	10.000	-3.448	0.396
1410.000	10.000	-3.668	0.396
1420.000	10.000	-4.034	0.396
1430.000	10.000	-4.254	0.399
1440.000	10.000	-4.354	0.397
1450.000	10.000	-4.395	0.397
1460.000	10.000	-4.541	0.396
1470.000	10.000	-4.687	0.397
1480.000	10.000	-4.761	0.397
1490.000	10.000	-4.907	0.396
1500.000	10.000	-5.127	0.399
1510.000	10.000	-5.420	0.394
1520.000	10.000	-5.300	0.397
1530.000	10.000	-5.194	0.397
1540.000	10.000	-5.341	0.396
1550.000	10.000	-5.640	0.399
1560.000	10.000	-5.779	0.397
1570.000	10.000	-5.632	0.399
1580.000	10.000	-5.785	0.396
1590.000	10.000	-6.168	0.396
1600.000	10.000	-6.095	0.396
1610.000	10.000	-5.822	0.396
1620.000	10.000	-6.088	0.397
1630.000	10.000	-6.487	0.396
1640.000	10.000	-6.573	0.397
1650.000	10.000	-6.803	0.397
1660.000	10.000	-6.957	0.397
1670.000	10.000	-6.977	0.397
1680.000	10.000	-6.962	0.399
1690.000	10.000	-7.019	0.396
1700.000	10.000	-7.106	0.396
1710.000	10.000	-7.468	0.396
1720.000	10.000	-7.688	0.397
1730.000	10.000	-7.482	0.400
1740.000	10.000	-7.615	0.399
1750.000	10.000	-7.672	0.397
1760.000	10.000	-7.599	0.396
1770.000	10.000	-8.043	0.396
1780.000	10.000	-8.344	0.397
1790.000	10.000	-7.991	0.395
1800.000	10.000	-8.368	0.396
1810.000	10.000	-8.425	0.399
1820.000	10.000	-8.205	0.399
1830.000	10.000	-8.778	0.397
1840.000	10.000	-8.778	0.397
1850.000	10.000	-8.558	0.397
1860.000	10.000	-8.924	0.397
1870.000	10.000	-8.827	0.397
1880.000	10.000	-9.007	0.397
1890.000	10.000	-9.221	0.396
1900.000	10.000	-9.050	0.399
1910.000	10.000	-9.197	0.397
1920.000	10.000	-9.270	0.396
1930.000	10.000	-9.343	0.399
1940.000	10.000	-9.416	0.396
1950.000	10.000	-9.563	0.399
1960.000	10.000	-9.636	0.397
1970.000	10.000	-9.709	0.397
1980.000	10.000	-9.749	0.397
1990.000	10.000	-9.741	0.396
2000.000	10.000	-9.934	0.399
2010.000	10.000	-9.894	0.399
2020.000	10.000	-9.967	0.395
2030.000	10.000	-9.967	0.395
2040.000	10.000	-10.040	0.397
2050.000	10.000	-10.187	0.399
2060.000	10.000	-10.187	0.399
2070.000	10.000	-10.553	0.396
2080.000	10.000	-10.187	0.396
2090.000	10.000	-10.480	0.396
2100.000	10.000	-10.506	0.395
2110.000	10.000	-10.693	0.396
2120.000	10.000	-10.547	0.394
2130.000	10.000	-10.547	0.397
2140.000	10.000	-10.840	0.397
2150.000	10.000	-10.913	0.399
2160.000	10.000	-10.986	0.396
2170.000	10.000	-10.547	0.396
2180.000	10.000	-10.986	0.397
2190.000	10.000	-10.986	0.395
2200.000	10.000	-11.279	0.396
2210.000	10.000	-10.900	0.394
2220.000	10.000	-11.339	0.395
2230.000	10.000	-11.486	0.400
2240.000	10.000	-11.705	0.399
2250.000	10.000	-11.339	0.399
2260.000	10.000	-11.779	0.396
2270.000	10.000	-11.779	0.396
2280.000	10.000	-11.925	0.399
2290.000	10.000	-11.852	0.397
2300.000	10.000	-11.852	0.397
2310.000	10.000	-12.231	0.395
2320.000	10.000	-11.938	0.396
2330.000	10.000	-11.865	0.396
2340.000	10.000	-12.305	0.397
2350.000	10.000	-12.305	0.397
2360.000	10.000	-12.125	0.396
2370.000	10.000	-12.337	0.396
2380.000	10.000	-12.190	0.399
2390.000	10.000	-12.703	0.399
2400.000	10.000	-12.337	0.400
2410.000	10.000	-12.410	0.397
2420.000	10.000	-12.230	0.397
2430.000	10.000	-12.832	0.395
2440.000	10.000	-12.612	0.397
2450.000	10.000	-12.626	0.399
2460.000	10.000	-13.025	0.399
2470.000	10.000	-12.887	0.395
2480.000	10.000	-12.774	0.397
2490.000	10.000	-12.611	0.397
2500.000	10.000	-13.050	0.400
2510.000	10.000	-12.731	0.399
2520.000	10.000	-13.293	0.399
2530.000	10.000	-12.984	0.397
2540.000	10.000	-13.217	0.395
2550.000	10.000	-13.106	0.396
2560.000	10.000	-12.959	0.396
2570.000	10.000	-13.179	0.397
2580.000	10.000	-13.187	0.397
2590.000	10.000	-13.423	0.397
2600.000	10.000	-13.156	0.399
2610.000	10.000	-13.704	0.397
2620.000	10.000	-13.321	0.399
2630.000	10.000	-13.268	0.396
2640.000	10.000	-13.645	0.397
2650.000	10.000	-13.523	0.397
2660.000	10.000	-13.670	0.397
2670.000	10.000	-13.751	0.396
2680.000	10.000	-13.930	0.397
2690.000	10.000	-13.657	0.395
2700.000	10.000	-13.842	0.396
2710.000	10.000	-13.907	0.396
2720.000	10.000	-13.861	0.396
2730.000	10.000	-14.223	0.396
2740.000	10.000	-14.199	0.399
2750.000	10.000	-14.099	0.399
2760.000	10.000	-14.262	0.399
2770.000	10.000	-14.180	0.396
2780.000	10.000	-14.127	0.396
2790.000	10.000	-14.571	0.400
2800.000	10.000	-14.652	0.397
2810.000	10.000	-14.506	0.396
2820.000	10.000	-14.699	0.397
2830.000	10.000	-14.390	0.397
2840.000	10.000	-14.390	0.397
2850.000	10.000	-14.709	0.396
2860.000	10.000	-14.839	0.396
2870.000	10.000	-14.839	0.396
2880.000	10.000	-14.746	0.397
2890.000	10.000	-14.795	0.396
2900.000	10.000	-14.795	0.396
2910.000	10.000	-14.575	0.396
2920.000	10.000	-15.234	0.397
2930.000	10.000	-15.234	0.397
2940.000	10.000	-14.868	0.397
2950.000	10.000	-15.161	0.399
2960.000	10.000	-15.161	0.399
2970.000	10.000	-14.868	0.396
2980.000	10.000	-15.601	0.397
2990.000	10.000	-15.601	0.397
3000.000	10.000	-15.234	0.396
3010.000	10.000	-15.454	0.399
3020.000	10.000	-15.454	0.399
3030.000	10.000	-15.161	0.396
3040.000	10.000	-15.894	0.395
3050.000	10.000	-15.894	0.395
3060.000	10.000	-15.527	0.399
3070.000	10.000	-15.967	0.397
3080.000	10.000	-15.967	0.397
3090.000	10.000	-15.527	0.399
3100.000	10.000	-16.260	0.395
3110.000	10.000	-16.260	0.395
3120.000	10.000	-15.820	0.397
3130.000	10.000	-16.260	0.396
3140.000	10.000	-16.260	0.396
3150.000	10.000	-15.894	0.397
3160.000	10.000	-16.479	0.397
3170.000	10.000	-16.479	0.397
3180.000	10.000	-16.113	0.397
3190.000	10.000	-16.479	0.399
3200.000	10.000	-16.479	0.399
3210.000	10.000	-16.406	0.394
3220.000	10.000	-16.772	0.396
3230.000	10.000	-16.772	0.396
3240.000	10.000	-16.699	0.395
3250.000	10.000	-16.846	0.395
3260.000	10.000	-16.846	0.395
3270.000	10.000	-16.992	0.396
3280.000	10.000	-17.358	0.396
3290.000	10.000	-17.358	0.396
3300.000	10.000	-17.358	0.396
3310.000	10.000	-17.285	0.395
3320.000	10.000	-17.285	0.395
3330.000	10.000	-17.871	0.396
3340.000	10.000	-17.578	0.397
3350.000	10.000	-17.578	0.397
3360.000	10.000	-18.091	0.396
3370.000	10.000	-18.384	0.396
3380.000	10.000	-18.384	0.396
3390.000	10.000	-18.237	0.397
3400.000	10.000	-18.384	0.396
3410.000	10.000	-18.604	0.397
3420.000	10.000	-18.677	0.397
3430.000	10.000	-18.750	0.397
3440.000	10.000	-18.810	0.396
3450.000	10.000	-19.013	0.397
3460.000	10.000	-18.867	0.397
3470.000	10.000	-19.013	0.396
3480.000	10.000	-19.013	0.397
3490.000	10.000	-19.526	0.397
3500.000	10.000	-19.526	0.397
3510.000	10.000	-19.453	0.399
3520.000	10.000	-19.599	0.397
3530.000	10.000	-19.599	0.397
3540.000	10.000	-20.052	0.397
3550.000	10.000	-20.435	0.397
3560.000	10.000	-20.435	0.397
3570.000	10.000	-20.654	0.397
3580.000	10.000	-20.654	0.397
3590.000	10.000	-20.654	0.397
3600.000	10.000	-20.508	0.395
3610.000	10.000	-20.874	0.397
3620.000	10.000	-20.874	0.397
3630.000	10.000	-21.021	0.397
3640.000	10.000	-21.167	0.396
3650.000	10.000	-21.167	0.396
3660.000	10.000	-21.460	0.395
3670.000	10.000	-21.826	0.397
3680.000	10.000	-21.826	0.397
3690.000	10.000	-21.753	0.396
3700.000	10.000	-22.266	0.396
3710.000	10.000	-22.266	0.396
3720.000	10.000	-22.632	0.396
3730.000	10.000	-22.925	0.395
3740.000	10.000	-22.925	0.395
3750.000	10.000	-22.998	0.397
3760.000	10.000	-23.437	0.396
3770.000	10.000	-23.437	0.396
3780.000	10.000	-23.511	0.397
3790.000	10.000	-23.730	0.396
3800.000	10.000	-23.730	0.396
3810.000	10.000	-23.950	0.399
3820.000	10.000	-24.316	0.397
3830.000	10.000	-24.316	0.397
3840.000	10.000	-24.316	0.397
3850.000	10.000	-24.683	0.397
3860.000	10.000	-24.683	0.397
3870.000	10.000	-25.122	0.395
3880.000	10.000	-25.635	0.401
3890.000	10.000	-25.635	0.401
3900.000	10.000	-25.635	0.397
3910.000	10.000	-26.001	0.396
3920.000	10.000	-26.001	0.396
3930.000	10.000	-26.221	0.396
3940.000	10.000	-26.660	0.397
3950.000	10.000	-26.660	0.397
3960.000	10.000	-27.026	0.396
3970.000	10.000	-27.100	0.396
3980.000	10.000	-27.100	0.396
3990.000	10.000	-27.466	0.397
4000.000	10.000	-27.979	0.397
4010.000	10.000	-27.979	0.397
4020.000	10.000	-28.198	0.396
4030.000	10.000	-28.711	0.397
4040.000	10.000	-28.711	0.397
4050.000	10.000	-28.857	0.396
4060.000	10.000	-29.590	0.397
4070.000	10.000	-29.590	0.397
4080.000	10.000	-29.663	0.395
4090.000	10.000	-30.176	0.395
4100.000	10.000	-30.176	0.395
4110.000	10.000	-30.176	0.399
4120.000	10.000	-30.908	0.395
4130.000	10.000	-30.908	0.395
4140.000	10.000	-30.762	0.399
4150.000	10.000	-30.981	0.399
4160.000	10.000	-31.641	0.395
4170.000	10.000	-31.348	0.397
4180.000	10.000	-31.714	0.394
4190.000	10.000	-32.227	0.397
4200.000	10.000	-32.007	0.393
4210.000	10.000	-32.446	0.395
4220.000	10.000	-32.433	0.397
4230.000	10.000	-33.051	0.401
4240.000	10.000	-33.125	0.397
4250.000	10.000	-33.418	0.396
4260.000	10.000	-33.418	0.396
4270.000	10.000	-33.784	0.396
4280.000	10.000	-34.223	0.396
4290.000	10.000	-34.077	0.396
4300.000	10.000	-34.590	0.399
4310.000	10.000	-34.736	0.395
4320.000	10.000	-35.116	0.400
4330.000	10.000	-34.644	0.395
4340.000	10.000	-35.376	0.396
4350.000	10.000	-35.742	0.396
4360.000	10.000	-35.596	0.397
4370.000	10.000	-36.035	0.399
4380.000	10.000	-35.742	0.397
4390.000	10.000	-36.401	0.397
4400.000	10.000	-36.408	0.396
4410.000	10.000	-36.725	0.395
4420.000	10.000	-37.165	0.396
4430.000	10.000	-37.165	0.395
4440.000	10.000	-37.238	0.399
4450.000	10.000	-37.385	0.394
4460.000	10.000	-37.678	0.397
4470.000	10.000	-37.824	0.399
4480.000	10.000	-38.117	0.399
4490.000	10.000	-38.117	0.399
4500.000	10.000	-38.550	0.396
4510.000	10.000	-38.452	0.395
4520.000	10.000	-38.452	0.395
4530.000	10.000	-38.965	0.397
4540.000	10.000	-39.038	0.397
4550.000	10.000	-39.038	0.397
4560.000	10.000	-39.478	0.395
4570.000	10.000	-39.917	0.397
4580.000	10.000	-39.917	0.397
4590.000	10.000	-39.771	0.395
4600.000	10.000	-39.917	0.397
4610.000	10.000	-39.917	0.397
4620.000	10.000	-40.137	0.396
4630.000	10.000	-40.283	0.390
4640.000	10.000	-40.110	0.397
4650.000	10.000	-40.859	0.397
4660.000	10.000	-40.566	0.394
4670.000	10.000	-40.566	0.397
4680.000	10.000	-40.639	0.397
4690.000	10.000	-41.005	0.397
4700.000	10.000	-41.152	0.397
4710.000	10.000	-41.079	0.395
4720.000	10.000	-41.445	0.397
4730.000	10.000	-41.591	0.397
4740.000	10.000	-41.764	0.399
4750.000	10.000	-41.162	0.393
4760.000	10.000	-41.675	0.396
4770.000	10.000	-41.748	0.395
4780.000	10.000	-41.748	0.391
4790.000	10.000	-41.748	0.396
4800.000	10.000	-41.602	0.396
4810.000	10.000	-41.968	0.396
4820.000	10.000	-42.114	0.396
4830.000	10.000	-42.114	0.396
4840.000	10.000	-42.114	0.395
4850.000	10.000	-42.334	0.399
4860.000	10.000	-42.041	0.396
4870.000	10.000	-42.187	0.393
4880.000	10.000	-42.480	0.400
4890.000	10.000	-42.480	0.397
4900.000	10.000	-42.554	0.396
4910.000	10.000	-42.480	0.396
4920.000	10.000	-42.407	0.396
4930.000	10.000	-42.407	0.396
4940.000	10.000	-42.920	0.397
4950.000	10.000	-42.773	0.396
4960.000	10.000	-42.993	0.396
4970.000	10.000	-42.773	0.395
4980.000	10.000	-42.627	0.399
4990.000	10.000	-42.773	0.395
5000.000	10.000	-43.213	0.396
5010.000	10.000	-42.993	0.395
5020.000	10.000	-42.920	0.396
5030.000	10.000	-42.920	0.397
5040.000	10.000	-42.627	0.394
5050.000	10.000	-43.066	0.397
5060.000	10.000	-42.940	0.401
5070.000	10.000	-43.721	0.394
5080.000	10.000	-43.575	0.397
5090.000	10.000	-43.721	0.396
5100.000	10.000	-43.282	0.396
5110.000	10.000	-43.721	0.397
5120.000	10.000	-43.794	0.397
5130.000	10.000	-43.941	0.396
5140.000	10.000	-43.941	0.397
5150.000	10.000	-44.087	0.397
5160.000	10.000	-44.141	0.400
5170.000	10.000	-43.652	0.396
5180.000	10.000	-43.945	0.397
5190.000	10.000	-44.019	0.397
5200.000	10.000	-44.385	0.397
5210.000	10.000	-43.972	0.395
5220.000	10.000	-44.696	0.397
5230.000	10.000	-44.769	0.394
5240.000	10.000	-45.062	0.395
5250.000	10.000	-44.989	0.397
5260.000	10.000	-45.355	0.396
5270.000	10.000	-45.222	0.394
5280.000	10.000	-45.800	0.396
5290.000	10.000	-45.873	0.395
5300.000	10.000	-45.947	0.396
5310.000	10.000	-46.286	0.400
5320.000	10.000	-45.855	0.397
5330.000	10.000	-46.221	0.397
5340.000	10.000	-46.221	0.399
5350.000	10.000	-46.294	0.396
5360.000	10.000	-46.514	0.397
5370.000	10.000	-46.794	0.397
5380.000	10.000	-46.582	0.395
5390.000	10.000	-46.502	0.397
5400.000	10.000	-47.178	0.402
5410.000	10.000	-47.397	0.396
5420.000	10.000	-47.690	0.396
5430.000	10.000	-47.471	0.395
5440.000	10.000	-47.690	0.397
5450.000	10.000	-47.910	0.399
5460.000	10.000	-47.910	0.394
5470.000	10.000	-48.276	0.394
5480.000	10.000	-48.276	0.394
5490.000	10.000	-48.796	0.397
5500.000	10.000	-48.633	0.395
5510.000	10.000	-48.739	0.399
5520.000	10.000	-49.203	0.396
5530.000	10.000	-49.496	0.396
5540.000	10.000	-49.390	0.396
5550.000	10.000	-50.090	0.399
5560.000	10.000	-50.309	0.397
5570.000	10.000	-50.895	0.396
5580.000	10.000	-51.042	0.396
5590.000	10.000	-50.895	0.396
5600.000	10.000	-50.895	0.396
5610.000	10.000	-51.448	0.396
5620.000	10.000	-51.350	0.397
5630.000	10.000	-51.297	0.397
5640.000	10.000	-52.185	0.400
5650.000	10.000	-52.071	0.396
5660.000	10.000	-52.510	0.397
5670.000	10.000	-52.144	0.397
5680.000	10.000	-52.364	0.399
5690.000	10.000	-52.730	0.399
5700.000	10.000	-53.316	0.393
5710.000	10.000	-53.316	0.397
5720.000	10.000	-53.682	0.395
5730.000	10.000	-54.102	0.395
5740.000	10.000	-53.760	0.397
5750.000	10.000	-53.667	0.394
5760.000	10.000	-53.951	0.396
5770.000	10.000	-54.318	0.397
5780.000	10.000	-54.511	0.399
5790.000	10.000	-54.950	0.394
5800.000	10.000	-54.877	0.397
5810.000	10.000	-54.724	0.396
5820.000	10.000	-55.106	0.397
5830.000	10.000	-55.326	0.397
5840.000	10.000	-55.379	0.391
5850.000	10.000	-56.075	0.396
5860.000	10.000	-56.083	0.394
5870.000	10.000	-55.790	0.397
5880.000	10.000	-56.744	0.396
5890.000	10.000	-56.451	0.395
5900.000	10.000	-56.085	0.395
5910.000	10.000	-57.158	0.397
5920.000	10.000	-56.702	0.395
5930.000	10.000	-56.729	0.397
5940.000	10.000	-57.424	0.397
5950.000	10.000	-57.115	0.395
5960.000	10.000	-56.722	0.397
5970.000	10.000	-57.780	0.400
5980.000	10.000	-57.365	0.395
5990.000	10.000	-56.925	0.396
6000.000	10.000	-58.228	0.396
6010.000	10.000	-57.674	0.394
6020.000	10.000	-57.634	0.400
6030.000	10.000	-58.145	0.399
6040.000	10.000	-58.055	0.396
6050.000	10.000	-57.602	0.336
6060.000	10.000	-58.801	0.245
6070.000	10.000	-58.109	0.183
6080.000	10.000	-57.636	0.133
6090.000	10.000	-58.776	0.098
6100.000	10.000	-58.060	0.072
6110.000	10.000	-57.740	0.057
6120.000	10.000	-58.317	0.040
6130.000	10.000	-58.073	0.031
6140.000	10.000	-57.467	0.021
6150.000	10.000	-58.473	0.017
6160.000	10.000	-57.375	0.012
6170.000	10.000	-57.208	0.009
6180.000	10.000	-57.852	0.009
6190.000	10.000	-57.225	0.008
6200.000	10.000	-56.839	0.008
6210.000	10.000	-57.386	0.006
6220.000	10.000	-56.996	0.007
6230.000	10.000	-56.330	0.006
6240.000	10.000	-57.107	0.006
6250.000	10.000	-56.480	0.003
6260.000	10.000	-56.114	0.004
6270.000	10.000	-56.728	0.006
6280.000	10.000	-56.264	0.003
6290.000	10.000	-55.685	0.007
6300.000	10.000	-56.624	0.004
6310.000	10.000	-56.177	0.004
6320.000	10.000	-55.391	0.006
6330.000	10.000	-56.301	0.004
6340.000	10.000	-55.691	0.006
6350.000	10.000	-55.617	0.004
6360.000	10.000	-56.203	0.007
6370.000	10.000	-55.536	0.007
6380.000	10.000	-54.957	0.006
6390.000	10.000	-55.919	0.003
6400.000	10.000	-55.072	0.002
6410.000	10.000	-54.706	0.007
6420.000	10.000	-55.801	0.004
6430.000	10.000	-55.044	0.002
6440.000	10.000	-54.545	0.004
6450.000	10.000	-55.163	0.004
6460.000	10.000	-54.797	0.003
6470.000	10.000	-54.651	0.006
6480.000	10.000	-55.775	0.004
6490.000	10.000	-55.026	0.006
6500.000	10.000	-54.534	0.006
6510.000	10.000	-55.592	0.006
6520.000	10.000	-54.916	0.007
6530.000	10.000	-54.763	0.006
6540.000	10.000	-55.791	0.007
6550.000	10.000	-54.953	0.007
6560.000	10.000	-54.953	0.006
6570.000	10.000	-55.393	0.006
6580.000	10.000	-54.628	0.004
6590.000	10.000	-54.548	0.006
6600.000	10.000	-55.724	0.004
6610.000	10.000	-54.813	0.004
6620.000	10.000	-54.526	0.006
6630.000	10.000	-55.355	0.004
6640.000	10.000	-54.826	0.002
6650.000	10.000	-54.739	0.004
6660.000	10.000	-55.333	0.004
6670.000	10.000	-55.114	0.002
6680.000	10.000	-54.754	0.006
6690.000	10.000	-55.664	0.002
6700.000	10.000	-54.980	0.001
6710.000	10.000	-55.034	0.003
6720.000	10.000	-55.914	0.004
6730.000	10.000	-55.165	0.004
6740.000	10.000	-54.999	0.006
6750.000	10.000	-55.598	0.002
6760.000	10.000	-55.077	0.007
6770.000	10.000	-55.191	0.004
6780.000	10.000	-55.908	0.006
6790.000	10.000	-55.151	0.004
6800.000	10.000	-55.444	0.004
6810.000	10.000	-55.464	0.007
6820.000	10.000	-55.163	0.006
6830.000	10.000	-55.150	0.007
6840.000	10.000	-55.601	0.004
6850.000	10.000	-55.088	0.006
6860.000	10.000	-55.455	0.004
6870.000	10.000	-55.415	0.001
6880.000	10.000	-55.423	0.004
6890.000	10.000	-55.423	0.004
6900.000	10.000	-54.983	0.006
6910.000	10.000	-55.203	0.004
6920.000	10.000	-55.203	0.004
6930.000	10.000	-55.290	0.004
6940.000	10.000	-55.298	0.004
6950.000	10.000	-55.298	0.004
6960.000	10.000	-54.785	0.004
6970.000	10.000	-54.785	0.002
6980.000	10.000	-54.785	0.002
6990.000	10.000	-54.712	0.004
7000.000	10.000	-54.858	0.001
7010.000	10.000	-54.858	0.001
7020.000	10.000	-54.492	0.006
