%Time [ms]	Commanded Torque [mNm]	Angular Velocity [RPM]	Actual Current [Amp]	%9/23/20259:31 AM
0.000	0.000	0.000	0.000
20.000	12.000	74.219	0.020
30.000	12.000	74.219	0.020
40.000	12.000	74.219	0.020
50.000	12.000	80.078	0.017
60.000	12.000	80.078	0.017
70.000	12.000	80.078	0.017
80.000	12.000	74.219	0.023
90.000	12.000	74.219	0.023
100.000	12.000	74.219	0.023
110.000	12.000	62.500	0.032
120.000	12.000	62.500	0.032
130.000	12.000	62.500	0.032
140.000	12.000	66.406	0.007
150.000	12.000	66.406	0.007
160.000	12.000	66.406	0.007
170.000	12.000	70.312	0.031
180.000	12.000	70.312	0.031
190.000	12.000	70.312	0.031
200.000	12.000	78.125	0.023
210.000	12.000	78.125	0.023
220.000	12.000	78.125	0.023
230.000	12.000	70.312	0.014
240.000	12.000	70.312	0.014
250.000	12.000	70.312	0.014
260.000	12.000	44.922	0.026
270.000	12.000	44.922	0.026
280.000	12.000	44.922	0.026
290.000	12.000	89.844	0.036
300.000	12.000	89.844	0.036
310.000	12.000	89.844	0.036
320.000	12.000	91.797	0.033
330.000	12.000	91.797	0.033
340.000	12.000	91.797	0.033
350.000	12.000	62.500	0.037
360.000	12.000	62.500	0.037
370.000	12.000	62.500	0.037
380.000	12.000	60.547	0.039
390.000	12.000	60.547	0.039
400.000	12.000	60.547	0.039
410.000	12.000	44.922	0.041
420.000	12.000	44.922	0.041
430.000	12.000	44.922	0.041
440.000	12.000	56.641	0.034
450.000	12.000	56.641	0.034
460.000	12.000	56.641	0.034
470.000	12.000	72.266	0.015
480.000	12.000	72.266	0.015
490.000	12.000	72.266	0.015
500.000	12.000	85.937	0.029
510.000	12.000	85.937	0.029
520.000	12.000	85.937	0.029
530.000	12.000	50.781	0.012
540.000	12.000	50.781	0.012
550.000	12.000	50.781	0.012
560.000	12.000	62.500	0.031
570.000	12.000	62.500	0.031
580.000	12.000	62.500	0.031
590.000	12.000	80.078	0.013
600.000	12.000	80.078	0.013
610.000	12.000	80.078	0.013
620.000	12.000	82.031	0.036
630.000	12.000	82.031	0.036
640.000	12.000	82.031	0.036
650.000	12.000	48.828	0.027
660.000	12.000	48.828	0.027
670.000	12.000	48.828	0.027
680.000	12.000	58.594	0.018
690.000	12.000	58.594	0.018
700.000	12.000	58.594	0.018
710.000	12.000	54.687	0.032
720.000	12.000	54.687	0.032
730.000	12.000	54.687	0.032
740.000	12.000	80.078	0.027
750.000	12.000	80.078	0.027
760.000	12.000	80.078	0.027
770.000	12.000	83.984	0.026
780.000	12.000	83.984	0.026
790.000	12.000	83.984	0.026
800.000	12.000	60.547	0.012
810.000	12.000	60.547	0.012
820.000	12.000	60.547	0.012
830.000	12.000	83.984	0.017
840.000	12.000	83.984	0.017
850.000	12.000	83.984	0.017
860.000	12.000	64.453	0.014
870.000	12.000	64.453	0.014
880.000	12.000	64.453	0.014
890.000	12.000	91.797	0.011
900.000	12.000	91.797	0.011
910.000	12.000	91.797	0.011
920.000	12.000	44.922	0.009
930.000	12.000	44.922	0.009
940.000	12.000	44.922	0.009
950.000	12.000	87.891	0.031
960.000	12.000	87.891	0.031
970.000	12.000	87.891	0.031
980.000	12.000	74.219	0.032
990.000	12.000	74.219	0.032
1000.000	12.000	74.219	0.032
1010.000	12.000	70.312	0.021
1020.000	12.000	70.312	0.021
1030.000	12.000	70.312	0.021
1040.000	12.000	64.453	0.018
1050.000	12.000	64.453	0.018
1060.000	12.000	64.453	0.018
1070.000	12.000	72.266	0.035
1080.000	12.000	72.266	0.035
1090.000	12.000	72.266	0.035
1100.000	12.000	68.359	0.219
1110.000	12.000	68.359	0.219
1120.000	12.000	68.359	0.219
1130.000	12.000	76.172	0.316
1140.000	12.000	76.172	0.316
1150.000	12.000	76.172	0.316
1160.000	12.000	87.891	0.352
1170.000	12.000	87.891	0.352
1180.000	12.000	87.891	0.352
1190.000	12.000	142.578	0.367
1200.000	12.000	142.578	0.367
1210.000	12.000	142.578	0.367
1220.000	12.000	173.828	0.376
1230.000	12.000	173.828	0.376
1240.000	12.000	173.828	0.376
1250.000	12.000	214.844	0.375
1260.000	12.000	214.844	0.375
1270.000	12.000	214.844	0.375
1280.000	12.000	201.172	0.388
1290.000	12.000	201.172	0.388
1300.000	12.000	201.172	0.388
1310.000	12.000	212.891	0.354
1320.000	12.000	212.891	0.354
1330.000	12.000	212.891	0.354
1340.000	12.000	261.719	0.378
1350.000	12.000	261.719	0.378
1360.000	12.000	261.719	0.378
1370.000	12.000	279.297	0.360
1380.000	12.000	279.297	0.360
1390.000	12.000	279.297	0.360
1400.000	12.000	296.875	0.381
1410.000	12.000	296.875	0.381
1420.000	12.000	296.875	0.381
1430.000	12.000	335.937	0.386
1440.000	12.000	335.937	0.386
1450.000	12.000	335.937	0.386
1460.000	12.000	367.187	0.388
1470.000	12.000	367.187	0.388
1480.000	12.000	367.187	0.388
1490.000	12.000	371.094	0.379
1500.000	12.000	371.094	0.379
1510.000	12.000	371.094	0.379
1520.000	12.000	417.969	0.371
1530.000	12.000	417.969	0.371
1540.000	12.000	417.969	0.371
1550.000	12.000	451.172	0.385
1560.000	12.000	451.172	0.385
1570.000	12.000	451.172	0.385
1580.000	12.000	455.078	0.370
1590.000	12.000	455.078	0.370
1600.000	12.000	455.078	0.370
1610.000	12.000	457.031	0.396
1620.000	12.000	457.031	0.396
1630.000	12.000	457.031	0.396
1640.000	12.000	519.531	0.381
1650.000	12.000	519.531	0.381
1660.000	12.000	519.531	0.381
1670.000	12.000	498.047	0.380
1680.000	12.000	498.047	0.380
1690.000	12.000	498.047	0.380
1700.000	12.000	578.125	0.371
1710.000	12.000	578.125	0.371
1720.000	12.000	578.125	0.371
1730.000	12.000	566.406	0.386
1740.000	12.000	566.406	0.386
1750.000	12.000	566.406	0.386
1760.000	12.000	615.234	0.368
1770.000	12.000	615.234	0.368
1780.000	12.000	615.234	0.368
1790.000	12.000	607.422	0.387
1800.000	12.000	607.422	0.387
1810.000	12.000	607.422	0.387
1820.000	12.000	667.969	0.397
1830.000	12.000	667.969	0.397
1840.000	12.000	667.969	0.397
1850.000	12.000	675.781	0.379
1860.000	12.000	675.781	0.379
1870.000	12.000	675.781	0.379
1880.000	12.000	677.734	0.377
1890.000	12.000	677.734	0.377
1900.000	12.000	677.734	0.377
1910.000	12.000	722.656	0.369
1920.000	12.000	722.656	0.369
1930.000	12.000	722.656	0.369
1940.000	12.000	757.812	0.370
1950.000	12.000	757.812	0.370
1960.000	12.000	757.812	0.370
1970.000	12.000	746.094	0.383
1980.000	12.000	746.094	0.383
1990.000	12.000	746.094	0.383
2000.000	12.000	775.391	0.382
2010.000	12.000	775.391	0.382
2020.000	12.000	775.391	0.382
2030.000	12.000	818.359	0.387
2040.000	12.000	818.359	0.387
2050.000	12.000	818.359	0.387
2060.000	12.000	812.500	0.379
2070.000	12.000	812.500	0.379
2080.000	12.000	812.500	0.379
2090.000	12.000	867.187	0.385
2100.000	12.000	867.187	0.385
2110.000	12.000	867.187	0.385
2120.000	12.000	871.094	0.388
2130.000	12.000	871.094	0.388
2140.000	12.000	871.094	0.388
2150.000	12.000	921.875	0.387
2160.000	12.000	921.875	0.387
2170.000	12.000	921.875	0.387
2180.000	12.000	931.641	0.395
2190.000	12.000	931.641	0.395
2200.000	12.000	931.641	0.395
2210.000	12.000	968.750	0.358
2220.000	12.000	968.750	0.358
2230.000	12.000	968.750	0.358
2240.000	12.000	949.219	0.387
2250.000	12.000	949.219	0.387
2260.000	12.000	949.219	0.387
2270.000	12.000	970.703	0.346
2280.000	12.000	970.703	0.346
2290.000	12.000	970.703	0.346
2300.000	12.000	1009.766	0.385
2310.000	12.000	1009.766	0.385
2320.000	12.000	1009.766	0.385
2330.000	12.000	1037.109	0.382
2340.000	12.000	1037.109	0.382
2350.000	12.000	1037.109	0.382
2360.000	12.000	1087.891	0.362
2370.000	12.000	1087.891	0.362
2380.000	12.000	1087.891	0.362
2390.000	12.000	1056.641	0.389
2400.000	12.000	1056.641	0.389
2410.000	12.000	1056.641	0.389
2420.000	12.000	1097.656	0.387
2430.000	12.000	1097.656	0.387
2440.000	12.000	1097.656	0.387
2450.000	12.000	1121.094	0.386
2460.000	12.000	1121.094	0.386
2470.000	12.000	1121.094	0.386
2480.000	12.000	1164.062	0.395
2490.000	12.000	1164.062	0.395
2500.000	12.000	1164.062	0.395
2510.000	12.000	1156.250	0.382
2520.000	12.000	1156.250	0.382
2530.000	12.000	1156.250	0.382
2540.000	12.000	1203.125	0.385
2550.000	12.000	1203.125	0.385
2560.000	12.000	1203.125	0.385
2570.000	12.000	1228.516	0.381
2580.000	12.000	1228.516	0.381
2590.000	12.000	1228.516	0.381
2600.000	12.000	1191.406	0.377
2610.000	12.000	1191.406	0.377
2620.000	12.000	1191.406	0.377
2630.000	12.000	1230.469	0.386
2640.000	12.000	1230.469	0.386
2650.000	12.000	1230.469	0.386
2660.000	12.000	1285.156	0.383
2670.000	12.000	1285.156	0.383
2680.000	12.000	1285.156	0.383
2690.000	12.000	1308.594	0.399
2700.000	12.000	1308.594	0.399
2710.000	12.000	1308.594	0.399
2720.000	12.000	1312.500	0.365
2730.000	12.000	1312.500	0.365
2740.000	12.000	1312.500	0.365
2750.000	12.000	1339.844	0.363
2760.000	12.000	1339.844	0.363
2770.000	12.000	1339.844	0.363
2780.000	12.000	1402.344	0.384
2790.000	12.000	1402.344	0.384
2800.000	12.000	1402.344	0.384
2810.000	12.000	1410.156	0.359
2820.000	12.000	1410.156	0.359
2830.000	12.000	1410.156	0.359
2840.000	12.000	1421.875	0.381
2850.000	12.000	1421.875	0.381
2860.000	12.000	1421.875	0.381
2870.000	12.000	1416.016	0.383
2880.000	12.000	1416.016	0.383
2890.000	12.000	1416.016	0.383
2900.000	12.000	1451.172	0.381
2910.000	12.000	1451.172	0.381
2920.000	12.000	1451.172	0.381
2930.000	12.000	1474.609	0.391
2940.000	12.000	1474.609	0.391
2950.000	12.000	1474.609	0.391
2960.000	12.000	1468.750	0.381
2970.000	12.000	1468.750	0.381
2980.000	12.000	1468.750	0.381
2990.000	12.000	1537.109	0.373
3000.000	12.000	1537.109	0.373
3010.000	12.000	1537.109	0.373
3020.000	12.000	1529.297	0.382
3030.000	12.000	1529.297	0.382
3040.000	12.000	1529.297	0.382
3050.000	12.000	1535.156	0.374
3060.000	12.000	1535.156	0.374
3070.000	12.000	1535.156	0.374
3080.000	12.000	1562.500	0.375
3090.000	12.000	1562.500	0.375
3100.000	12.000	1562.500	0.375
3110.000	12.000	1619.141	0.374
3120.000	12.000	1619.141	0.374
3130.000	12.000	1619.141	0.374
3140.000	12.000	1607.422	0.392
3150.000	12.000	1607.422	0.392
3160.000	12.000	1607.422	0.392
3170.000	12.000	1636.719	0.382
3180.000	12.000	1636.719	0.382
3190.000	12.000	1636.719	0.382
3200.000	12.000	1638.672	0.364
3210.000	12.000	1638.672	0.364
3220.000	12.000	1638.672	0.364
3230.000	12.000	1693.359	0.383
3240.000	12.000	1693.359	0.383
3250.000	12.000	1693.359	0.383
3260.000	12.000	1740.234	0.365
3270.000	12.000	1740.234	0.365
3280.000	12.000	1740.234	0.365
3290.000	12.000	1671.875	0.381
3300.000	12.000	1671.875	0.381
3310.000	12.000	1671.875	0.381
3320.000	12.000	1732.422	0.396
3330.000	12.000	1732.422	0.396
3340.000	12.000	1732.422	0.396
3350.000	12.000	1763.672	0.389
3360.000	12.000	1763.672	0.389
3370.000	12.000	1763.672	0.389
3380.000	12.000	1787.109	0.379
3390.000	12.000	1787.109	0.379
3400.000	12.000	1787.109	0.379
3410.000	12.000	1808.594	0.382
3420.000	12.000	1808.594	0.382
3430.000	12.000	1808.594	0.382
3440.000	12.000	1820.312	0.382
3450.000	12.000	1820.312	0.382
3460.000	12.000	1820.312	0.382
3470.000	12.000	1849.609	0.386
3480.000	12.000	1849.609	0.386
3490.000	12.000	1849.609	0.386
3500.000	12.000	1875.000	0.396
3510.000	12.000	1875.000	0.396
3520.000	12.000	1875.000	0.396
3530.000	12.000	1880.859	0.363
3540.000	12.000	1880.859	0.363
3550.000	12.000	1880.859	0.363
3560.000	12.000	1902.344	0.383
3570.000	12.000	1902.344	0.383
3580.000	12.000	1902.344	0.383
3590.000	12.000	1910.156	0.382
3600.000	12.000	1910.156	0.382
3610.000	12.000	1910.156	0.382
3620.000	12.000	1933.594	0.392
3630.000	12.000	1933.594	0.392
3640.000	12.000	1933.594	0.392
3650.000	12.000	1951.172	0.389
3660.000	12.000	1951.172	0.389
3670.000	12.000	1951.172	0.389
3680.000	12.000	1974.609	0.366
3690.000	12.000	1974.609	0.366
3700.000	12.000	1974.609	0.366
3710.000	12.000	2005.859	0.357
3720.000	12.000	2005.859	0.357
3730.000	12.000	2005.859	0.357
3740.000	12.000	2015.625	0.387
3750.000	12.000	2015.625	0.387
3760.000	12.000	2015.625	0.387
3770.000	12.000	2025.391	0.373
3780.000	12.000	2025.391	0.373
3790.000	12.000	2025.391	0.373
3800.000	12.000	2046.875	0.382
3810.000	12.000	2046.875	0.382
3820.000	12.000	2046.875	0.382
3830.000	12.000	2091.797	0.368
3840.000	12.000	2091.797	0.368
3850.000	12.000	2091.797	0.368
3860.000	12.000	2121.094	0.394
3870.000	12.000	2121.094	0.394
3880.000	12.000	2121.094	0.394
3890.000	12.000	2105.469	0.382
3900.000	12.000	2105.469	0.382
3910.000	12.000	2105.469	0.382
3920.000	12.000	2126.953	0.374
3930.000	12.000	2126.953	0.374
3940.000	12.000	2126.953	0.374
3950.000	12.000	2134.766	0.375
3960.000	12.000	2134.766	0.375
3970.000	12.000	2134.766	0.375
3980.000	12.000	2183.594	0.373
3990.000	12.000	2183.594	0.373
4000.000	12.000	2183.594	0.373
4010.000	12.000	2177.734	0.378
4020.000	12.000	2177.734	0.378
4030.000	12.000	2177.734	0.378
4040.000	12.000	2222.656	0.376
4050.000	12.000	2222.656	0.376
4060.000	12.000	2222.656	0.376
4070.000	12.000	2230.469	0.369
4080.000	12.000	2230.469	0.369
4090.000	12.000	2230.469	0.369
4100.000	12.000	2220.703	0.387
4110.000	12.000	2220.703	0.387
4120.000	12.000	2220.703	0.387
4130.000	12.000	2257.812	0.386
4140.000	12.000	2257.812	0.386
4150.000	12.000	2257.812	0.386
4160.000	12.000	2271.484	0.369
4170.000	12.000	2271.484	0.369
4180.000	12.000	2271.484	0.369
4190.000	12.000	2298.828	0.379
4200.000	12.000	2298.828	0.379
4210.000	12.000	2298.828	0.379
4220.000	12.000	2310.547	0.393
4230.000	12.000	2310.547	0.393
4240.000	12.000	2310.547	0.393
4250.000	12.000	2347.656	0.371
4260.000	12.000	2347.656	0.371
4270.000	12.000	2347.656	0.371
4280.000	12.000	2367.187	0.379
4290.000	12.000	2367.187	0.379
4300.000	12.000	2367.187	0.379
4310.000	12.000	2357.422	0.392
4320.000	12.000	2357.422	0.392
4330.000	12.000	2357.422	0.392
4340.000	12.000	2404.297	0.361
4350.000	12.000	2404.297	0.361
4360.000	12.000	2404.297	0.361
4370.000	12.000	2396.484	0.378
4380.000	12.000	2396.484	0.378
4390.000	12.000	2396.484	0.378
4400.000	12.000	2431.641	0.379
4410.000	12.000	2431.641	0.379
4420.000	12.000	2431.641	0.379
4430.000	12.000	2445.312	0.378
4440.000	12.000	2445.312	0.378
4450.000	12.000	2445.312	0.378
4460.000	12.000	2458.984	0.381
4470.000	12.000	2458.984	0.381
4480.000	12.000	2458.984	0.381
4490.000	12.000	2460.937	0.375
4500.000	12.000	2460.937	0.375
4510.000	12.000	2460.937	0.375
4520.000	12.000	2462.891	0.390
4530.000	12.000	2462.891	0.390
4540.000	12.000	2462.891	0.390
4550.000	12.000	2492.187	0.374
4560.000	12.000	2492.187	0.374
4570.000	12.000	2492.187	0.374
4580.000	12.000	2548.828	0.383
4590.000	12.000	2548.828	0.383
4600.000	12.000	2548.828	0.383
4610.000	12.000	2550.781	0.390
4620.000	12.000	2550.781	0.390
4630.000	12.000	2550.781	0.390
4640.000	12.000	2544.922	0.357
4650.000	12.000	2544.922	0.357
4660.000	12.000	2544.922	0.357
4670.000	12.000	2603.516	0.388
4680.000	12.000	2603.516	0.388
4690.000	12.000	2603.516	0.388
4700.000	12.000	2611.328	0.366
4710.000	12.000	2611.328	0.366
4720.000	12.000	2611.328	0.366
4730.000	12.000	2644.531	0.368
4740.000	12.000	2644.531	0.368
4750.000	12.000	2644.531	0.368
4760.000	12.000	2652.344	0.377
4770.000	12.000	2652.344	0.377
4780.000	12.000	2652.344	0.377
4790.000	12.000	2625.000	0.374
4800.000	12.000	2625.000	0.374
4810.000	12.000	2625.000	0.374
4820.000	12.000	2650.391	0.380
4830.000	12.000	2650.391	0.380
4840.000	12.000	2650.391	0.380
4850.000	12.000	2691.406	0.366
4860.000	12.000	2691.406	0.366
4870.000	12.000	2691.406	0.366
4880.000	12.000	2712.891	0.370
4890.000	12.000	2712.891	0.370
4900.000	12.000	2712.891	0.370
4910.000	12.000	2683.594	0.367
4920.000	12.000	2683.594	0.367
4930.000	12.000	2683.594	0.367
4940.000	12.000	2724.609	0.389
4950.000	12.000	2724.609	0.389
4960.000	12.000	2724.609	0.389
4970.000	12.000	2738.281	0.383
4980.000	12.000	2738.281	0.383
4990.000	12.000	2738.281	0.383
5000.000	12.000	2763.672	0.386
5010.000	12.000	2763.672	0.386
5020.000	12.000	2763.672	0.386
5030.000	12.000	2818.359	0.396
5040.000	12.000	2818.359	0.396
5050.000	12.000	2818.359	0.396
5060.000	12.000	2792.969	0.380
5070.000	12.000	2792.969	0.380
5080.000	12.000	2792.969	0.380
5090.000	12.000	2806.641	0.394
5100.000	12.000	2806.641	0.394
5110.000	12.000	2806.641	0.394
5120.000	12.000	2843.750	0.358
5130.000	12.000	2843.750	0.358
5140.000	12.000	2843.750	0.358
5150.000	12.000	2875.000	0.395
5160.000	12.000	2875.000	0.395
5170.000	12.000	2875.000	0.395
5180.000	12.000	2861.328	0.362
5190.000	12.000	2861.328	0.362
5200.000	12.000	2861.328	0.362
5210.000	12.000	2880.859	0.385
5220.000	12.000	2880.859	0.385
5230.000	12.000	2880.859	0.385
5240.000	12.000	2935.547	0.374
5250.000	12.000	2935.547	0.374
5260.000	12.000	2935.547	0.374
5270.000	12.000	2935.547	0.371
5280.000	12.000	2935.547	0.371
5290.000	12.000	2935.547	0.371
5300.000	12.000	2927.734	0.392
5310.000	12.000	2927.734	0.392
5320.000	12.000	2927.734	0.392
5330.000	12.000	2972.656	0.379
5340.000	12.000	2972.656	0.379
5350.000	12.000	2972.656	0.379
5360.000	12.000	2986.328	0.388
5370.000	12.000	2986.328	0.388
5380.000	12.000	2986.328	0.388
5390.000	12.000	2996.094	0.367
5400.000	12.000	2996.094	0.367
5410.000	12.000	2996.094	0.367
5420.000	12.000	3035.156	0.382
5430.000	12.000	3035.156	0.382
5440.000	12.000	3035.156	0.382
5450.000	12.000	3025.391	0.395
5460.000	12.000	3025.391	0.395
5470.000	12.000	3025.391	0.395
5480.000	12.000	3039.062	0.390
5490.000	12.000	3039.062	0.390
5500.000	12.000	3039.062	0.390
5510.000	12.000	3080.078	0.365
5520.000	12.000	3080.078	0.365
5530.000	12.000	3080.078	0.365
5540.000	12.000	3062.500	0.365
5550.000	12.000	3062.500	0.365
5560.000	12.000	3062.500	0.365
5570.000	12.000	3115.234	0.383
5580.000	12.000	3115.234	0.383
5590.000	12.000	3115.234	0.383
5600.000	12.000	3128.906	0.393
5610.000	12.000	3128.906	0.393
5620.000	12.000	3128.906	0.393
5630.000	12.000	3162.109	0.363
5640.000	12.000	3162.109	0.363
5650.000	12.000	3162.109	0.363
5660.000	12.000	3140.625	0.369
5670.000	12.000	3140.625	0.369
5680.000	12.000	3140.625	0.369
5690.000	12.000	3175.781	0.362
5700.000	12.000	3175.781	0.362
5710.000	12.000	3175.781	0.362
5720.000	12.000	3189.453	0.377
5730.000	12.000	3189.453	0.377
5740.000	12.000	3189.453	0.377
5750.000	12.000	3216.797	0.367
5760.000	12.000	3216.797	0.367
5770.000	12.000	3216.797	0.367
5780.000	12.000	3220.703	0.354
5790.000	12.000	3220.703	0.354
5800.000	12.000	3220.703	0.354
5810.000	12.000	3232.422	0.364
5820.000	12.000	3232.422	0.364
5830.000	12.000	3232.422	0.364
5840.000	12.000	3275.391	0.377
5850.000	12.000	3275.391	0.377
5860.000	12.000	3275.391	0.377
5870.000	12.000	3269.531	0.378
5880.000	12.000	3269.531	0.378
5890.000	12.000	3269.531	0.378
5900.000	12.000	3269.531	0.371
5910.000	12.000	3269.531	0.371
5920.000	12.000	3269.531	0.371
5930.000	12.000	3294.922	0.379
5940.000	12.000	3294.922	0.379
5950.000	12.000	3294.922	0.379
5960.000	12.000	3330.078	0.391
5970.000	12.000	3330.078	0.391
5980.000	12.000	3330.078	0.391
5990.000	12.000	3318.359	0.381
6000.000	12.000	3318.359	0.381
6010.000	12.000	3318.359	0.381
6020.000	12.000	3343.750	0.396
6030.000	12.000	3343.750	0.396
6040.000	12.000	3343.750	0.396
6050.000	12.000	3330.078	0.376
6060.000	12.000	3330.078	0.376
6070.000	12.000	3330.078	0.376
6080.000	12.000	3402.344	0.372
6090.000	12.000	3402.344	0.372
6100.000	12.000	3402.344	0.372
6110.000	12.000	3384.766	0.172
6120.000	12.000	3384.766	0.172
6130.000	12.000	3384.766	0.172
6140.000	12.000	3388.672	0.105
6150.000	12.000	3388.672	0.105
6160.000	12.000	3388.672	0.105
6170.000	12.000	3373.047	0.047
6180.000	12.000	3373.047	0.047
6190.000	12.000	3373.047	0.047
6200.000	12.000	3343.750	0.032
6210.000	12.000	3343.750	0.032
6220.000	12.000	3343.750	0.032
6230.000	12.000	3337.891	0.003
6240.000	12.000	3337.891	0.003
6250.000	12.000	3337.891	0.003
6260.000	12.000	3337.891	0.032
6270.000	12.000	3337.891	0.032
6280.000	12.000	3337.891	0.032
6290.000	12.000	3285.156	0.024
6300.000	12.000	3285.156	0.024
6310.000	12.000	3285.156	0.024
6320.000	12.000	3292.969	0.018
6330.000	12.000	3292.969	0.018
6340.000	12.000	3292.969	0.018
6350.000	12.000	3281.250	-0.002
6360.000	12.000	3281.250	-0.002
6370.000	12.000	3281.250	-0.002
6380.000	12.000	3244.141	0.010
6390.000	12.000	3244.141	0.010
6400.000	12.000	3244.141	0.010
6410.000	12.000	3236.328	0.027
6420.000	12.000	3236.328	0.027
6430.000	12.000	3236.328	0.027
6440.000	12.000	3203.125	0.019
6450.000	12.000	3203.125	0.019
6460.000	12.000	3203.125	0.019
6470.000	12.000	3226.562	0.026
6480.000	12.000	3226.562	0.026
6490.000	12.000	3226.562	0.026
6500.000	12.000	3185.547	0.037
6510.000	12.000	3185.547	0.037
6520.000	12.000	3185.547	0.037
6530.000	12.000	3167.969	0.025
6540.000	12.000	3167.969	0.025
6550.000	12.000	3167.969	0.025
6560.000	12.000	3154.297	0.001
6570.000	12.000	3154.297	0.001
6580.000	12.000	3154.297	0.001
6590.000	12.000	3144.531	0.032
6600.000	12.000	3144.531	0.032
6610.000	12.000	3144.531	0.032
6620.000	12.000	3125.000	0.023
6630.000	12.000	3125.000	0.023
6640.000	12.000	3125.000	0.023
6650.000	12.000	3111.328	0.018
6660.000	12.000	3111.328	0.018
6670.000	12.000	3111.328	0.018
6680.000	12.000	3095.703	0.008
6690.000	12.000	3095.703	0.008
6700.000	12.000	3095.703	0.008
6710.000	12.000	3085.937	0.031
6720.000	12.000	3085.937	0.031
6730.000	12.000	3085.937	0.031
6740.000	12.000	3087.891	0.021
6750.000	12.000	3087.891	0.021
6760.000	12.000	3087.891	0.021
6770.000	12.000	3029.297	0.032
6780.000	12.000	3029.297	0.032
6790.000	12.000	3029.297	0.032
6800.000	12.000	3056.641	0.034
6810.000	12.000	3056.641	0.034
6820.000	12.000	3056.641	0.034
6830.000	12.000	3042.969	0.017
6840.000	12.000	3042.969	0.017
6850.000	12.000	3042.969	0.017
6860.000	12.000	3007.812	0.024
6870.000	12.000	3007.812	0.024
6880.000	12.000	3007.812	0.024
6890.000	12.000	2980.469	0.033
6900.000	12.000	2980.469	0.033
6910.000	12.000	2980.469	0.033
6920.000	12.000	2976.562	0.040
6930.000	12.000	2976.562	0.040
6940.000	12.000	2976.562	0.040
6950.000	12.000	2937.500	0.022
6960.000	12.000	2937.500	0.022
6970.000	12.000	2937.500	0.022
6980.000	12.000	2972.656	0.019
6990.000	12.000	2972.656	0.019
7000.000	12.000	2972.656	0.019
7010.000	12.000	2906.250	0.017
7020.000	12.000	2906.250	0.017
