%Time [ms]	Commanded Torque [mNm]	Angular Velocity [RPM]	Actual Current [Amp]	%9/23/20259:37 AM
0.000	0.000	0.000	0.000
20.000	2.000	0.000	0.004
30.000	2.000	0.000	0.006
40.000	2.000	0.000	0.006
50.000	2.000	0.000	0.007
60.000	2.000	0.000	0.006
70.000	2.000	0.000	0.006
80.000	2.000	0.000	0.004
90.000	2.000	0.000	0.006
100.000	2.000	0.000	0.006
110.000	2.000	0.000	0.008
120.000	2.000	0.000	0.006
130.000	2.000	0.000	0.004
140.000	2.000	0.000	0.007
150.000	2.000	0.000	0.004
160.000	2.000	0.000	0.006
170.000	2.000	0.000	0.007
180.000	2.000	0.000	0.007
190.000	2.000	0.000	0.006
200.000	2.000	0.000	0.004
210.000	2.000	0.000	0.007
220.000	2.000	0.000	0.006
230.000	2.000	0.000	0.007
240.000	2.000	0.000	0.006
250.000	2.000	0.000	0.006
260.000	2.000	0.000	0.006
270.000	2.000	0.000	0.004
280.000	2.000	0.000	0.004
290.000	2.000	0.000	0.007
300.000	2.000	0.000	0.007
310.000	2.000	0.000	0.007
320.000	2.000	0.000	0.006
330.000	2.000	0.000	0.004
340.000	2.000	0.000	0.007
350.000	2.000	0.000	0.004
360.000	2.000	0.000	0.006
370.000	2.000	0.000	0.006
380.000	2.000	0.000	0.004
390.000	2.000	0.000	0.003
400.000	2.000	0.000	0.002
410.000	2.000	0.000	0.007
420.000	2.000	0.000	0.006
430.000	2.000	0.000	0.004
440.000	2.000	0.000	0.007
450.000	2.000	0.000	0.002
460.000	2.000	0.000	0.003
470.000	2.000	0.000	0.002
480.000	2.000	0.000	0.002
490.000	2.000	0.000	0.003
500.000	2.000	0.000	0.003
510.000	2.000	0.000	0.003
520.000	2.000	0.000	0.006
530.000	2.000	0.000	0.006
540.000	2.000	0.000	0.006
550.000	2.000	0.000	0.007
560.000	2.000	0.000	0.006
570.000	2.000	0.000	0.007
580.000	2.000	0.000	0.004
590.000	2.000	0.000	0.006
600.000	2.000	0.000	0.007
610.000	2.000	0.000	0.007
620.000	2.000	0.000	0.007
630.000	2.000	0.000	0.006
640.000	2.000	0.000	0.004
650.000	2.000	0.000	0.003
660.000	2.000	0.000	0.004
670.000	2.000	0.000	0.006
680.000	2.000	0.000	0.006
690.000	2.000	0.000	0.007
700.000	2.000	0.000	0.007
710.000	2.000	0.000	0.002
720.000	2.000	0.000	0.004
730.000	2.000	0.000	0.004
740.000	2.000	0.000	0.003
750.000	2.000	0.000	0.006
760.000	2.000	0.000	0.006
770.000	2.000	0.000	0.007
780.000	2.000	0.000	0.004
790.000	2.000	0.000	0.004
800.000	2.000	0.000	0.004
810.000	2.000	0.000	0.004
820.000	2.000	0.000	0.004
830.000	2.000	0.000	0.006
840.000	2.000	0.000	0.006
850.000	2.000	0.000	0.006
860.000	2.000	0.000	0.006
870.000	2.000	0.000	0.006
880.000	2.000	0.000	0.004
890.000	2.000	0.000	0.002
900.000	2.000	0.000	0.003
910.000	2.000	0.000	0.006
920.000	2.000	0.000	0.004
930.000	2.000	0.000	0.002
940.000	2.000	0.000	0.004
950.000	2.000	0.000	0.002
960.000	2.000	0.000	0.006
970.000	2.000	0.000	0.006
980.000	2.000	0.000	0.003
990.000	2.000	0.000	0.006
1000.000	2.000	0.000	0.006
1010.000	2.000	0.000	0.006
1020.000	2.000	0.000	0.004
1030.000	2.000	0.000	0.006
1040.000	2.000	0.000	0.006
1050.000	2.000	0.000	0.024
1060.000	2.000	0.000	0.040
1070.000	2.000	0.000	0.048
1080.000	2.000	0.000	0.058
1090.000	2.000	0.000	0.064
1100.000	2.000	-0.073	0.067
1110.000	2.000	-0.073	0.074
1120.000	2.000	-0.073	0.076
1130.000	2.000	-0.155	0.078
1140.000	2.000	-0.155	0.079
1150.000	2.000	-0.228	0.080
1160.000	2.000	-0.228	0.080
1170.000	2.000	-0.301	0.080
1180.000	2.000	-0.301	0.080
1190.000	2.000	-0.382	0.080
1200.000	2.000	-0.309	0.080
1210.000	2.000	-0.382	0.080
1220.000	2.000	-0.382	0.080
1230.000	2.000	-0.374	0.080
1240.000	2.000	-0.374	0.084
1250.000	2.000	-0.382	0.083
1260.000	2.000	-0.382	0.084
1270.000	2.000	-0.382	0.083
1280.000	2.000	-0.382	0.081
1290.000	2.000	-0.374	0.084
1300.000	2.000	-0.374	0.085
1310.000	2.000	-0.382	0.083
1320.000	2.000	-0.456	0.083
1330.000	2.000	-0.382	0.084
1340.000	2.000	-0.456	0.083
1350.000	2.000	-0.374	0.083
1360.000	2.000	-0.374	0.084
1370.000	2.000	-0.374	0.084
1380.000	2.000	-0.374	0.083
1390.000	2.000	-0.374	0.083
1400.000	2.000	-0.448	0.083
1410.000	2.000	-0.293	0.080
1420.000	2.000	-0.293	0.080
1430.000	2.000	-0.366	0.081
1440.000	2.000	-0.366	0.079
1450.000	2.000	-0.366	0.079
1460.000	2.000	-0.366	0.079
1470.000	2.000	-0.366	0.081
1480.000	2.000	-0.366	0.081
1490.000	2.000	-0.366	0.079
1500.000	2.000	-0.293	0.080
1510.000	2.000	-0.366	0.080
1520.000	2.000	-0.366	0.081
1530.000	2.000	-0.293	0.084
1540.000	2.000	-0.366	0.083
1550.000	2.000	-0.293	0.081
1560.000	2.000	-0.366	0.081
1570.000	2.000	-0.293	0.081
1580.000	2.000	-0.293	0.081
1590.000	2.000	-0.293	0.080
1600.000	2.000	-0.293	0.080
1610.000	2.000	-0.220	0.080
1620.000	2.000	-0.293	0.079
1630.000	2.000	-0.293	0.083
1640.000	2.000	-0.220	0.079
1650.000	2.000	-0.220	0.083
1660.000	2.000	-0.146	0.080
1670.000	2.000	-0.220	0.080
1680.000	2.000	-0.220	0.081
1690.000	2.000	-0.146	0.080
1700.000	2.000	-0.146	0.083
1710.000	2.000	-0.146	0.083
1720.000	2.000	-0.073	0.084
1730.000	2.000	-0.073	0.078
1740.000	2.000	-0.073	0.084
1750.000	2.000	-0.073	0.081
1760.000	2.000	-0.073	0.080
1770.000	2.000	0.000	0.083
1780.000	2.000	0.000	0.079
1790.000	2.000	0.000	0.084
1800.000	2.000	0.000	0.081
1810.000	2.000	0.000	0.079
1820.000	2.000	0.000	0.079
1830.000	2.000	0.073	0.079
1840.000	2.000	0.073	0.079
1850.000	2.000	0.073	0.083
1860.000	2.000	0.073	0.079
1870.000	2.000	0.073	0.081
1880.000	2.000	0.155	0.084
1890.000	2.000	0.155	0.081
1900.000	2.000	0.155	0.081
1910.000	2.000	0.155	0.081
1920.000	2.000	0.228	0.080
1930.000	2.000	0.155	0.083
1940.000	2.000	0.228	0.084
1950.000	2.000	0.228	0.083
1960.000	2.000	0.228	0.079
1970.000	2.000	0.228	0.083
1980.000	2.000	0.220	0.081
1990.000	2.000	0.220	0.083
2000.000	2.000	0.220	0.081
2010.000	2.000	0.220	0.079
2020.000	2.000	0.146	0.078
2030.000	2.000	0.220	0.080
2040.000	2.000	0.146	0.080
2050.000	2.000	0.146	0.080
2060.000	2.000	0.146	0.080
2070.000	2.000	0.146	0.083
2080.000	2.000	0.146	0.083
2090.000	2.000	0.146	0.083
2100.000	2.000	0.146	0.084
2110.000	2.000	0.146	0.084
2120.000	2.000	0.146	0.080
2130.000	2.000	0.146	0.080
2140.000	2.000	0.146	0.081
2150.000	2.000	0.146	0.081
2160.000	2.000	0.146	0.081
2170.000	2.000	0.146	0.081
2180.000	2.000	0.073	0.079
2190.000	2.000	0.073	0.081
2200.000	2.000	0.073	0.081
2210.000	2.000	0.073	0.083
2220.000	2.000	0.000	0.085
2230.000	2.000	0.000	0.085
2240.000	2.000	0.000	0.081
2250.000	2.000	0.000	0.080
2260.000	2.000	0.000	0.080
2270.000	2.000	0.000	0.081
2280.000	2.000	0.000	0.083
2290.000	2.000	0.000	0.083
2300.000	2.000	0.000	0.084
2310.000	2.000	0.000	0.084
2320.000	2.000	0.000	0.084
2330.000	2.000	0.000	0.083
2340.000	2.000	0.000	0.081
2350.000	2.000	0.000	0.081
2360.000	2.000	-0.073	0.079
2370.000	2.000	-0.073	0.083
2380.000	2.000	-0.073	0.083
2390.000	2.000	-0.073	0.081
2400.000	2.000	-0.073	0.083
2410.000	2.000	-0.073	0.081
2420.000	2.000	-0.146	0.085
2430.000	2.000	-0.146	0.084
2440.000	2.000	-0.146	0.084
2450.000	2.000	-0.146	0.081
2460.000	2.000	-0.073	0.084
2470.000	2.000	-0.073	0.080
2480.000	2.000	-0.155	0.080
2490.000	2.000	-0.155	0.084
2500.000	2.000	-0.155	0.081
2510.000	2.000	-0.155	0.081
2520.000	2.000	-0.081	0.083
2530.000	2.000	-0.081	0.084
2540.000	2.000	-0.081	0.081
2550.000	2.000	-0.081	0.084
2560.000	2.000	-0.148	0.079
2570.000	2.000	-0.148	0.080
2580.000	2.000	-0.067	0.085
2590.000	2.000	-0.067	0.083
2600.000	2.000	-0.067	0.084
2610.000	2.000	-0.067	0.083
2620.000	2.000	-0.067	0.083
2630.000	2.000	-0.067	0.081
2640.000	2.000	-0.140	0.079
2650.000	2.000	-0.140	0.081
2660.000	2.000	-0.073	0.079
2670.000	2.000	-0.073	0.080
2680.000	2.000	-0.073	0.081
2690.000	2.000	-0.073	0.080
2700.000	2.000	-0.073	0.081
2710.000	2.000	-0.073	0.080
2720.000	2.000	-0.073	0.081
2730.000	2.000	-0.073	0.084
2740.000	2.000	0.000	0.081
2750.000	2.000	0.000	0.080
2760.000	2.000	0.000	0.079
2770.000	2.000	0.000	0.083
2780.000	2.000	0.000	0.079
2790.000	2.000	0.000	0.085
2800.000	2.000	0.000	0.079
2810.000	2.000	0.073	0.081
2820.000	2.000	0.073	0.080
2830.000	2.000	0.073	0.080
2840.000	2.000	0.073	0.083
2850.000	2.000	0.073	0.080
2860.000	2.000	0.073	0.081
2870.000	2.000	0.073	0.083
2880.000	2.000	0.073	0.081
2890.000	2.000	0.073	0.081
2900.000	2.000	0.073	0.081
2910.000	2.000	0.073	0.081
2920.000	2.000	0.073	0.080
2930.000	2.000	0.073	0.079
2940.000	2.000	0.073	0.080
2950.000	2.000	0.073	0.083
2960.000	2.000	0.073	0.081
2970.000	2.000	0.073	0.080
2980.000	2.000	0.073	0.080
2990.000	2.000	0.073	0.083
3000.000	2.000	0.073	0.081
3010.000	2.000	0.000	0.083
3020.000	2.000	0.081	0.081
3030.000	2.000	0.081	0.080
3040.000	2.000	0.081	0.084
3050.000	2.000	0.081	0.083
3060.000	2.000	0.081	0.084
3070.000	2.000	0.081	0.081
3080.000	2.000	0.081	0.083
3090.000	2.000	0.081	0.079
3100.000	2.000	0.081	0.079
3110.000	2.000	0.081	0.081
3120.000	2.000	0.000	0.083
3130.000	2.000	0.000	0.079
3140.000	2.000	0.000	0.081
3150.000	2.000	0.000	0.080
3160.000	2.000	0.000	0.080
3170.000	2.000	0.000	0.081
3180.000	2.000	0.000	0.081
3190.000	2.000	0.000	0.084
3200.000	2.000	0.000	0.083
3210.000	2.000	0.000	0.081
3220.000	2.000	0.000	0.080
3230.000	2.000	0.000	0.083
3240.000	2.000	0.000	0.084
3250.000	2.000	0.000	0.084
3260.000	2.000	0.000	0.084
3270.000	2.000	0.000	0.083
3280.000	2.000	0.000	0.079
3290.000	2.000	0.000	0.080
3300.000	2.000	0.000	0.081
3310.000	2.000	0.000	0.081
3320.000	2.000	0.000	0.081
3330.000	2.000	-0.073	0.081
3340.000	2.000	-0.073	0.080
3350.000	2.000	-0.073	0.081
3360.000	2.000	-0.073	0.084
3370.000	2.000	-0.073	0.084
3380.000	2.000	-0.073	0.083
3390.000	2.000	-0.073	0.084
3400.000	2.000	-0.073	0.083
3410.000	2.000	-0.073	0.081
3420.000	2.000	-0.073	0.080
3430.000	2.000	0.000	0.081
3440.000	2.000	0.000	0.083
3450.000	2.000	0.000	0.081
3460.000	2.000	0.000	0.080
3470.000	2.000	0.000	0.080
3480.000	2.000	0.000	0.081
3490.000	2.000	0.000	0.084
3500.000	2.000	0.000	0.083
3510.000	2.000	0.000	0.085
3520.000	2.000	0.000	0.084
3530.000	2.000	0.000	0.084
3540.000	2.000	0.000	0.083
3550.000	2.000	0.000	0.081
3560.000	2.000	0.000	0.083
3570.000	2.000	0.000	0.084
3580.000	2.000	0.000	0.083
3590.000	2.000	0.000	0.081
3600.000	2.000	0.000	0.081
3610.000	2.000	0.000	0.083
3620.000	2.000	0.000	0.080
3630.000	2.000	0.000	0.080
3640.000	2.000	0.000	0.081
3650.000	2.000	0.000	0.081
3660.000	2.000	0.000	0.080
3670.000	2.000	0.000	0.080
3680.000	2.000	0.000	0.080
3690.000	2.000	0.000	0.081
3700.000	2.000	0.000	0.080
3710.000	2.000	0.000	0.080
3720.000	2.000	0.000	0.080
3730.000	2.000	0.000	0.080
3740.000	2.000	0.000	0.080
3750.000	2.000	0.000	0.079
3760.000	2.000	0.000	0.081
3770.000	2.000	0.000	0.083
3780.000	2.000	0.000	0.080
3790.000	2.000	0.000	0.079
3800.000	2.000	0.000	0.080
3810.000	2.000	0.000	0.079
3820.000	2.000	0.000	0.080
3830.000	2.000	0.000	0.081
3840.000	2.000	0.000	0.079
3850.000	2.000	0.000	0.083
3860.000	2.000	0.000	0.081
3870.000	2.000	0.000	0.083
3880.000	2.000	0.000	0.083
3890.000	2.000	0.000	0.083
3900.000	2.000	0.000	0.081
3910.000	2.000	0.000	0.083
3920.000	2.000	0.000	0.083
3930.000	2.000	0.000	0.080
3940.000	2.000	0.000	0.081
3950.000	2.000	0.000	0.080
3960.000	2.000	0.000	0.083
3970.000	2.000	0.000	0.081
3980.000	2.000	0.000	0.083
3990.000	2.000	0.000	0.081
4000.000	2.000	0.000	0.084
4010.000	2.000	0.000	0.083
4020.000	2.000	0.000	0.079
4030.000	2.000	0.000	0.079
4040.000	2.000	0.000	0.080
4050.000	2.000	0.000	0.080
4060.000	2.000	0.000	0.080
4070.000	2.000	0.000	0.081
4080.000	2.000	0.000	0.080
4090.000	2.000	0.000	0.080
4100.000	2.000	0.000	0.079
4110.000	2.000	0.000	0.080
4120.000	2.000	0.000	0.079
4130.000	2.000	0.000	0.084
4140.000	2.000	0.000	0.081
4150.000	2.000	0.000	0.083
4160.000	2.000	0.000	0.084
4170.000	2.000	0.000	0.083
4180.000	2.000	0.000	0.081
4190.000	2.000	0.000	0.084
4200.000	2.000	0.000	0.080
4210.000	2.000	0.000	0.084
4220.000	2.000	0.000	0.081
4230.000	2.000	0.000	0.080
4240.000	2.000	0.000	0.083
4250.000	2.000	0.000	0.084
4260.000	2.000	0.000	0.081
4270.000	2.000	0.000	0.080
4280.000	2.000	0.000	0.080
4290.000	2.000	0.000	0.079
4300.000	2.000	0.000	0.079
4310.000	2.000	0.000	0.080
4320.000	2.000	0.000	0.083
4330.000	2.000	0.000	0.079
4340.000	2.000	0.000	0.079
4350.000	2.000	0.000	0.080
4360.000	2.000	0.000	0.080
4370.000	2.000	0.000	0.083
4380.000	2.000	0.000	0.084
4390.000	2.000	0.000	0.079
4400.000	2.000	0.000	0.080
4410.000	2.000	0.000	0.081
4420.000	2.000	0.000	0.080
4430.000	2.000	0.000	0.080
4440.000	2.000	0.000	0.080
4450.000	2.000	0.000	0.080
4460.000	2.000	0.000	0.081
4470.000	2.000	0.000	0.081
4480.000	2.000	0.000	0.080
4490.000	2.000	0.000	0.079
4500.000	2.000	0.000	0.080
4510.000	2.000	0.000	0.079
4520.000	2.000	0.000	0.080
4530.000	2.000	0.000	0.081
4540.000	2.000	0.000	0.080
4550.000	2.000	0.000	0.084
4560.000	2.000	0.000	0.081
4570.000	2.000	0.000	0.079
4580.000	2.000	0.000	0.080
4590.000	2.000	0.000	0.080
4600.000	2.000	0.000	0.083
4610.000	2.000	0.000	0.084
4620.000	2.000	0.000	0.084
4630.000	2.000	0.000	0.084
4640.000	2.000	0.000	0.081
4650.000	2.000	0.000	0.083
4660.000	2.000	0.000	0.083
4670.000	2.000	0.000	0.081
4680.000	2.000	0.000	0.083
4690.000	2.000	0.000	0.083
4700.000	2.000	0.000	0.085
4710.000	2.000	0.000	0.084
4720.000	2.000	0.000	0.084
4730.000	2.000	0.000	0.081
4740.000	2.000	0.000	0.083
4750.000	2.000	0.000	0.083
4760.000	2.000	0.000	0.083
4770.000	2.000	0.000	0.080
4780.000	2.000	0.000	0.080
4790.000	2.000	0.000	0.081
4800.000	2.000	0.000	0.081
4810.000	2.000	0.000	0.081
4820.000	2.000	0.000	0.079
4830.000	2.000	0.000	0.080
4840.000	2.000	0.000	0.080
4850.000	2.000	0.000	0.080
4860.000	2.000	0.000	0.083
4870.000	2.000	0.000	0.080
4880.000	2.000	0.000	0.083
4890.000	2.000	0.000	0.081
4900.000	2.000	0.000	0.080
4910.000	2.000	0.000	0.080
4920.000	2.000	0.000	0.080
4930.000	2.000	0.000	0.079
4940.000	2.000	0.000	0.084
4950.000	2.000	0.000	0.080
4960.000	2.000	0.000	0.079
4970.000	2.000	0.000	0.080
4980.000	2.000	0.000	0.081
4990.000	2.000	0.000	0.079
5000.000	2.000	0.000	0.081
5010.000	2.000	0.000	0.081
5020.000	2.000	0.000	0.084
5030.000	2.000	0.000	0.083
5040.000	2.000	0.000	0.080
5050.000	2.000	0.000	0.079
5060.000	2.000	0.000	0.084
5070.000	2.000	0.000	0.081
5080.000	2.000	0.000	0.081
5090.000	2.000	0.000	0.083
5100.000	2.000	0.000	0.084
5110.000	2.000	0.000	0.080
5120.000	2.000	0.000	0.080
5130.000	2.000	0.000	0.081
5140.000	2.000	0.000	0.083
5150.000	2.000	0.000	0.081
5160.000	2.000	0.000	0.083
5170.000	2.000	0.000	0.083
5180.000	2.000	0.000	0.081
5190.000	2.000	0.000	0.081
5200.000	2.000	0.000	0.080
5210.000	2.000	0.000	0.083
5220.000	2.000	0.000	0.081
5230.000	2.000	0.000	0.083
5240.000	2.000	0.000	0.079
5250.000	2.000	0.000	0.081
5260.000	2.000	0.000	0.083
5270.000	2.000	0.000	0.080
5280.000	2.000	0.000	0.080
5290.000	2.000	0.000	0.079
5300.000	2.000	0.000	0.079
5310.000	2.000	0.000	0.084
5320.000	2.000	0.000	0.079
5330.000	2.000	0.000	0.083
5340.000	2.000	0.000	0.081
5350.000	2.000	0.000	0.079
5360.000	2.000	0.000	0.080
5370.000	2.000	0.000	0.079
5380.000	2.000	0.000	0.080
5390.000	2.000	0.000	0.084
5400.000	2.000	0.000	0.081
5410.000	2.000	0.000	0.081
5420.000	2.000	0.000	0.080
5430.000	2.000	0.000	0.080
5440.000	2.000	0.000	0.084
5450.000	2.000	0.000	0.083
5460.000	2.000	0.000	0.080
5470.000	2.000	0.000	0.083
5480.000	2.000	0.000	0.081
5490.000	2.000	0.000	0.084
5500.000	2.000	0.000	0.080
5510.000	2.000	0.000	0.080
5520.000	2.000	0.000	0.080
5530.000	2.000	0.000	0.081
5540.000	2.000	0.000	0.080
5550.000	2.000	0.000	0.080
5560.000	2.000	0.000	0.080
5570.000	2.000	0.000	0.083
5580.000	2.000	0.000	0.083
5590.000	2.000	0.000	0.080
5600.000	2.000	0.000	0.080
5610.000	2.000	0.000	0.081
5620.000	2.000	0.000	0.081
5630.000	2.000	0.000	0.081
5640.000	2.000	0.000	0.085
5650.000	2.000	0.000	0.083
5660.000	2.000	0.000	0.083
5670.000	2.000	0.000	0.083
5680.000	2.000	0.000	0.085
5690.000	2.000	0.000	0.084
5700.000	2.000	0.000	0.081
5710.000	2.000	0.000	0.083
5720.000	2.000	0.000	0.080
5730.000	2.000	0.000	0.083
5740.000	2.000	0.000	0.080
5750.000	2.000	0.000	0.081
5760.000	2.000	0.000	0.081
5770.000	2.000	0.000	0.079
5780.000	2.000	0.000	0.079
5790.000	2.000	0.000	0.079
5800.000	2.000	0.000	0.079
5810.000	2.000	0.000	0.080
5820.000	2.000	0.000	0.080
5830.000	2.000	0.000	0.081
5840.000	2.000	0.000	0.080
5850.000	2.000	0.000	0.084
5860.000	2.000	0.000	0.084
5870.000	2.000	0.000	0.083
5880.000	2.000	0.000	0.083
5890.000	2.000	0.000	0.084
5900.000	2.000	0.000	0.083
5910.000	2.000	0.000	0.083
5920.000	2.000	0.000	0.081
5930.000	2.000	0.000	0.083
5940.000	2.000	0.000	0.084
5950.000	2.000	0.000	0.084
5960.000	2.000	0.000	0.084
5970.000	2.000	0.000	0.080
5980.000	2.000	0.000	0.079
5990.000	2.000	0.000	0.083
6000.000	2.000	0.000	0.080
6010.000	2.000	0.000	0.080
6020.000	2.000	0.000	0.079
6030.000	2.000	0.000	0.080
6040.000	2.000	0.000	0.080
6050.000	2.000	0.000	0.069
6060.000	2.000	0.000	0.051
6070.000	2.000	0.000	0.040
6080.000	2.000	0.000	0.032
6090.000	2.000	0.000	0.025
6100.000	2.000	0.000	0.020
6110.000	2.000	0.000	0.014
6120.000	2.000	0.000	0.013
6130.000	2.000	0.000	0.012
6140.000	2.000	0.073	0.010
6150.000	2.000	0.073	0.012
6160.000	2.000	0.073	0.009
6170.000	2.000	0.073	0.008
6180.000	2.000	0.146	0.006
6190.000	2.000	0.146	0.006
6200.000	2.000	0.220	0.007
6210.000	2.000	0.220	0.004
6220.000	2.000	0.220	0.004
6230.000	2.000	0.220	0.007
6240.000	2.000	0.220	0.004
6250.000	2.000	0.220	0.004
6260.000	2.000	0.301	0.003
6270.000	2.000	0.301	0.003
6280.000	2.000	0.228	0.006
6290.000	2.000	0.309	0.006
6300.000	2.000	0.236	0.006
6310.000	2.000	0.309	0.006
6320.000	2.000	0.309	0.004
6330.000	2.000	0.382	0.007
6340.000	2.000	0.309	0.004
6350.000	2.000	0.309	0.007
6360.000	2.000	0.301	0.006
6370.000	2.000	0.301	0.008
6380.000	2.000	0.374	0.006
6390.000	2.000	0.293	0.007
6400.000	2.000	0.366	0.004
6410.000	2.000	0.293	0.007
6420.000	2.000	0.366	0.006
6430.000	2.000	0.293	0.006
6440.000	2.000	0.366	0.006
6450.000	2.000	0.366	0.004
6460.000	2.000	0.360	0.007
6470.000	2.000	0.360	0.006
6480.000	2.000	0.360	0.007
6490.000	2.000	0.360	0.004
6500.000	2.000	0.360	0.007
6510.000	2.000	0.360	0.006
6520.000	2.000	0.353	0.004
6530.000	2.000	0.353	0.004
6540.000	2.000	0.353	0.007
6550.000	2.000	0.353	0.004
6560.000	2.000	0.360	0.007
6570.000	2.000	0.360	0.006
6580.000	2.000	0.360	0.006
6590.000	2.000	0.360	0.004
6600.000	2.000	0.360	0.004
6610.000	2.000	0.360	0.007
6620.000	2.000	0.366	0.004
6630.000	2.000	0.366	0.002
6640.000	2.000	0.366	0.006
6650.000	2.000	0.366	0.007
6660.000	2.000	0.293	0.004
6670.000	2.000	0.293	0.004
6680.000	2.000	0.220	0.003
6690.000	2.000	0.293	0.004
6700.000	2.000	0.220	0.004
6710.000	2.000	0.220	0.007
6720.000	2.000	0.146	0.007
6730.000	2.000	0.146	0.007
6740.000	2.000	0.073	0.007
6750.000	2.000	0.073	0.004
6760.000	2.000	0.073	0.006
6770.000	2.000	0.073	0.007
6780.000	2.000	0.073	0.007
6790.000	2.000	0.000	0.004
6800.000	2.000	0.000	0.004
6810.000	2.000	0.000	0.006
6820.000	2.000	0.000	0.006
6830.000	2.000	-0.073	0.002
6840.000	2.000	-0.073	0.006
6850.000	2.000	-0.073	0.003
6860.000	2.000	-0.146	0.006
6870.000	2.000	-0.146	0.006
6880.000	2.000	-0.146	0.006
6890.000	2.000	-0.220	0.002
6900.000	2.000	-0.220	0.004
6910.000	2.000	-0.293	0.006
6920.000	2.000	-0.293	0.002
6930.000	2.000	-0.220	0.004
6940.000	2.000	-0.286	0.003
6950.000	2.000	-0.286	0.003
6960.000	2.000	-0.213	0.006
6970.000	2.000	-0.286	0.004
6980.000	2.000	-0.286	0.002
6990.000	2.000	-0.286	0.002
7000.000	2.000	-0.286	0.002
7010.000	2.000	-0.213	0.003
7020.000	2.000	-0.286	0.004
