%Time [ms]	Commanded Torque [mNm]	Angular Velocity [RPM]	Actual Current [Amp]	%9/23/20259:39 AM
0.000	0.000	0.000	0.000
20.000	8.000	0.000	0.006
30.000	8.000	0.000	0.007
40.000	8.000	0.000	0.004
50.000	8.000	0.000	0.006
60.000	8.000	0.000	0.004
70.000	8.000	0.000	0.006
80.000	8.000	0.000	0.007
90.000	8.000	0.000	0.006
100.000	8.000	0.000	0.006
110.000	8.000	0.000	0.007
120.000	8.000	0.000	0.009
130.000	8.000	0.000	0.009
140.000	8.000	0.000	0.007
150.000	8.000	0.000	0.006
160.000	8.000	0.000	0.007
170.000	8.000	0.000	0.004
180.000	8.000	0.000	0.004
190.000	8.000	0.000	0.006
200.000	8.000	0.000	0.004
210.000	8.000	0.000	0.004
220.000	8.000	0.000	0.006
230.000	8.000	0.000	0.007
240.000	8.000	0.000	0.003
250.000	8.000	0.000	0.003
260.000	8.000	0.000	0.004
270.000	8.000	0.000	0.004
280.000	8.000	0.000	0.004
290.000	8.000	0.000	0.002
300.000	8.000	0.000	0.006
310.000	8.000	0.000	0.007
320.000	8.000	0.000	0.003
330.000	8.000	0.000	0.004
340.000	8.000	0.000	0.003
350.000	8.000	0.000	0.007
360.000	8.000	0.000	0.007
370.000	8.000	0.000	0.006
380.000	8.000	0.000	0.007
390.000	8.000	0.000	0.003
400.000	8.000	0.000	0.006
410.000	8.000	0.000	0.004
420.000	8.000	0.000	0.006
430.000	8.000	0.000	0.004
440.000	8.000	0.000	0.002
450.000	8.000	0.000	0.006
460.000	8.000	0.000	0.002
470.000	8.000	0.000	0.004
480.000	8.000	0.000	0.002
490.000	8.000	0.000	0.004
500.000	8.000	0.000	0.007
510.000	8.000	0.000	0.002
520.000	8.000	0.000	0.007
530.000	8.000	0.000	0.006
540.000	8.000	0.000	0.004
550.000	8.000	0.000	0.004
560.000	8.000	0.000	0.001
570.000	8.000	0.000	0.007
580.000	8.000	0.000	0.003
590.000	8.000	0.000	0.003
600.000	8.000	0.000	0.002
610.000	8.000	0.000	0.007
620.000	8.000	0.000	0.002
630.000	8.000	0.000	0.002
640.000	8.000	0.000	0.007
650.000	8.000	0.000	0.003
660.000	8.000	0.000	0.003
670.000	8.000	0.000	0.004
680.000	8.000	0.000	0.004
690.000	8.000	0.000	0.006
700.000	8.000	0.000	0.006
710.000	8.000	0.000	0.004
720.000	8.000	0.000	0.003
730.000	8.000	0.000	0.003
740.000	8.000	0.000	0.006
750.000	8.000	0.000	0.003
760.000	8.000	0.000	0.008
770.000	8.000	0.000	0.006
780.000	8.000	0.000	0.006
790.000	8.000	0.000	0.007
800.000	8.000	0.000	0.004
810.000	8.000	0.000	0.006
820.000	8.000	0.000	0.006
830.000	8.000	0.000	0.004
840.000	8.000	0.000	0.006
850.000	8.000	0.000	0.002
860.000	8.000	0.000	0.006
870.000	8.000	0.000	0.003
880.000	8.000	0.000	0.004
890.000	8.000	0.000	0.007
900.000	8.000	0.000	0.003
910.000	8.000	0.000	0.006
920.000	8.000	0.000	0.007
930.000	8.000	0.000	0.006
940.000	8.000	0.000	0.006
950.000	8.000	0.000	0.002
960.000	8.000	0.000	0.002
970.000	8.000	0.000	0.007
980.000	8.000	0.000	0.006
990.000	8.000	0.000	0.004
1000.000	8.000	0.000	0.006
1010.000	8.000	0.000	0.007
1020.000	8.000	0.000	0.006
1030.000	8.000	-0.073	0.039
1040.000	8.000	-0.073	0.114
1050.000	8.000	-0.155	0.170
1060.000	8.000	-0.155	0.209
1070.000	8.000	-0.221	0.239
1080.000	8.000	-0.303	0.260
1090.000	8.000	-0.376	0.275
1100.000	8.000	-0.442	0.288
1110.000	8.000	-0.605	0.295
1120.000	8.000	-0.678	0.301
1130.000	8.000	-0.738	0.305
1140.000	8.000	-0.820	0.312
1150.000	8.000	-0.885	0.310
1160.000	8.000	-0.951	0.313
1170.000	8.000	-1.048	0.316
1180.000	8.000	-1.039	0.314
1190.000	8.000	-1.099	0.317
1200.000	8.000	-1.196	0.319
1210.000	8.000	-1.179	0.317
1220.000	8.000	-1.326	0.317
1230.000	8.000	-1.412	0.317
1240.000	8.000	-1.697	0.317
1250.000	8.000	-1.770	0.318
1260.000	8.000	-1.997	0.318
1270.000	8.000	-1.980	0.317
1280.000	8.000	-2.107	0.316
1290.000	8.000	-2.299	0.317
1300.000	8.000	-2.356	0.318
1310.000	8.000	-2.503	0.318
1320.000	8.000	-2.576	0.317
1330.000	8.000	-2.796	0.318
1340.000	8.000	-2.696	0.317
1350.000	8.000	-2.802	0.318
1360.000	8.000	-2.728	0.319
1370.000	8.000	-2.802	0.316
1380.000	8.000	-2.822	0.317
1390.000	8.000	-2.789	0.317
1400.000	8.000	-2.902	0.317
1410.000	8.000	-3.016	0.318
1420.000	8.000	-3.089	0.317
1430.000	8.000	-2.943	0.318
1440.000	8.000	-2.970	0.317
1450.000	8.000	-3.010	0.318
1460.000	8.000	-3.157	0.317
1470.000	8.000	-3.377	0.317
1480.000	8.000	-3.596	0.316
1490.000	8.000	-3.670	0.316
1500.000	8.000	-3.630	0.317
1510.000	8.000	-3.516	0.318
1520.000	8.000	-3.416	0.318
1530.000	8.000	-3.530	0.316
1540.000	8.000	-3.749	0.319
1550.000	8.000	-3.823	0.317
1560.000	8.000	-3.823	0.316
1570.000	8.000	-3.676	0.316
1580.000	8.000	-3.676	0.316
1590.000	8.000	-3.749	0.317
1600.000	8.000	-4.042	0.314
1610.000	8.000	-4.116	0.316
1620.000	8.000	-4.142	0.316
1630.000	8.000	-4.028	0.316
1640.000	8.000	-3.882	0.317
1650.000	8.000	-3.882	0.321
1660.000	8.000	-4.028	0.317
1670.000	8.000	-4.135	0.316
1680.000	8.000	-4.102	0.316
1690.000	8.000	-4.029	0.318
1700.000	8.000	-3.843	0.318
1710.000	8.000	-4.209	0.316
1720.000	8.000	-4.355	0.316
1730.000	8.000	-4.395	0.318
1740.000	8.000	-4.436	0.318
1750.000	8.000	-4.436	0.317
1760.000	8.000	-4.456	0.318
1770.000	8.000	-4.626	0.317
1780.000	8.000	-4.732	0.317
1790.000	8.000	-4.765	0.318
1800.000	8.000	-5.098	0.318
1810.000	8.000	-5.025	0.318
1820.000	8.000	-5.025	0.316
1830.000	8.000	-5.131	0.317
1840.000	8.000	-5.164	0.316
1850.000	8.000	-5.384	0.317
1860.000	8.000	-5.437	0.316
1870.000	8.000	-5.380	0.318
1880.000	8.000	-5.400	0.318
1890.000	8.000	-5.814	0.318
1900.000	8.000	-5.668	0.317
1910.000	8.000	-5.448	0.318
1920.000	8.000	-5.521	0.318
1930.000	8.000	-6.034	0.319
1940.000	8.000	-6.034	0.319
1950.000	8.000	-5.961	0.318
1960.000	8.000	-6.327	0.316
1970.000	8.000	-6.327	0.316
1980.000	8.000	-6.380	0.318
1990.000	8.000	-6.152	0.318
2000.000	8.000	-6.152	0.318
2010.000	8.000	-6.445	0.318
2020.000	8.000	-6.445	0.317
2030.000	8.000	-6.445	0.317
2040.000	8.000	-6.665	0.318
2050.000	8.000	-6.592	0.318
2060.000	8.000	-6.592	0.318
2070.000	8.000	-6.519	0.316
2080.000	8.000	-6.885	0.318
2090.000	8.000	-6.885	0.318
2100.000	8.000	-7.104	0.318
2110.000	8.000	-7.104	0.317
2120.000	8.000	-7.104	0.317
2130.000	8.000	-7.104	0.317
2140.000	8.000	-7.178	0.316
2150.000	8.000	-7.178	0.316
2160.000	8.000	-7.251	0.317
2170.000	8.000	-7.324	0.317
2180.000	8.000	-7.324	0.317
2190.000	8.000	-7.397	0.317
2200.000	8.000	-7.397	0.317
2210.000	8.000	-7.324	0.317
2220.000	8.000	-7.617	0.316
2230.000	8.000	-7.983	0.318
2240.000	8.000	-7.704	0.316
2250.000	8.000	-7.696	0.317
2260.000	8.000	-7.989	0.316
2270.000	8.000	-7.629	0.317
2280.000	8.000	-7.857	0.318
2290.000	8.000	-8.223	0.317
2300.000	8.000	-7.870	0.316
2310.000	8.000	-7.870	0.317
2320.000	8.000	-8.017	0.318
2330.000	8.000	-7.724	0.316
2340.000	8.000	-8.101	0.318
2350.000	8.000	-8.329	0.317
2360.000	8.000	-7.976	0.317
2370.000	8.000	-8.124	0.318
2380.000	8.000	-8.262	0.316
2390.000	8.000	-7.836	0.317
2400.000	8.000	-8.376	0.318
2410.000	8.000	-8.449	0.317
2420.000	8.000	-8.157	0.318
2430.000	8.000	-8.303	0.316
2440.000	8.000	-8.205	0.317
2450.000	8.000	-7.992	0.314
2460.000	8.000	-8.614	0.317
2470.000	8.000	-8.459	0.318
2480.000	8.000	-8.173	0.317
2490.000	8.000	-8.550	0.317
2500.000	8.000	-8.216	0.318
2510.000	8.000	-8.210	0.317
2520.000	8.000	-8.690	0.318
2530.000	8.000	-8.470	0.316
2540.000	8.000	-8.324	0.317
2550.000	8.000	-8.716	0.317
2560.000	8.000	-8.301	0.317
2570.000	8.000	-8.813	0.318
2580.000	8.000	-8.807	0.317
2590.000	8.000	-8.489	0.318
2600.000	8.000	-8.616	0.316
2610.000	8.000	-8.712	0.317
2620.000	8.000	-8.525	0.317
2630.000	8.000	-8.818	0.317
2640.000	8.000	-8.745	0.318
2650.000	8.000	-8.639	0.317
2660.000	8.000	-8.699	0.316
2670.000	8.000	-8.503	0.316
2680.000	8.000	-8.943	0.319
2690.000	8.000	-8.943	0.317
2700.000	8.000	-8.743	0.317
2710.000	8.000	-8.873	0.317
2720.000	8.000	-8.654	0.317
2730.000	8.000	-8.922	0.317
2740.000	8.000	-9.069	0.316
2750.000	8.000	-8.849	0.317
2760.000	8.000	-9.009	0.317
2770.000	8.000	-8.838	0.317
2780.000	8.000	-8.738	0.316
2790.000	8.000	-9.055	0.318
2800.000	8.000	-8.982	0.317
2810.000	8.000	-8.909	0.317
2820.000	8.000	-8.982	0.318
2830.000	8.000	-8.640	0.317
2840.000	8.000	-8.900	0.316
2850.000	8.000	-8.900	0.318
2860.000	8.000	-8.827	0.319
2870.000	8.000	-8.973	0.318
2880.000	8.000	-8.780	0.317
2890.000	8.000	-8.975	0.319
2900.000	8.000	-8.975	0.319
2910.000	8.000	-8.756	0.318
2920.000	8.000	-8.902	0.317
2930.000	8.000	-8.902	0.317
2940.000	8.000	-8.936	0.317
2950.000	8.000	-8.789	0.317
2960.000	8.000	-8.789	0.317
2970.000	8.000	-8.936	0.316
2980.000	8.000	-8.862	0.318
2990.000	8.000	-9.082	0.317
3000.000	8.000	-9.009	0.318
3010.000	8.000	-8.936	0.318
3020.000	8.000	-9.009	0.318
3030.000	8.000	-8.789	0.319
3040.000	8.000	-9.009	0.316
3050.000	8.000	-9.009	0.316
3060.000	8.000	-9.009	0.319
3070.000	8.000	-9.009	0.317
3080.000	8.000	-9.009	0.317
3090.000	8.000	-8.789	0.317
3100.000	8.000	-9.009	0.318
3110.000	8.000	-9.009	0.318
3120.000	8.000	-8.789	0.316
3130.000	8.000	-8.862	0.317
3140.000	8.000	-8.862	0.317
3150.000	8.000	-8.936	0.317
3160.000	8.000	-8.862	0.317
3170.000	8.000	-8.862	0.317
3180.000	8.000	-8.862	0.316
3190.000	8.000	-8.643	0.317
3200.000	8.000	-8.643	0.317
3210.000	8.000	-8.936	0.317
3220.000	8.000	-8.643	0.317
3230.000	8.000	-8.643	0.317
3240.000	8.000	-8.423	0.317
3250.000	8.000	-8.716	0.318
3260.000	8.000	-8.716	0.318
3270.000	8.000	-8.716	0.318
3280.000	8.000	-8.569	0.318
3290.000	8.000	-8.569	0.318
3300.000	8.000	-8.423	0.316
3310.000	8.000	-8.643	0.317
3320.000	8.000	-8.643	0.317
3330.000	8.000	-8.423	0.317
3340.000	8.000	-8.350	0.318
3350.000	8.000	-8.350	0.318
3360.000	8.000	-7.983	0.317
3370.000	8.000	-8.350	0.318
3380.000	8.000	-8.350	0.318
3390.000	8.000	-7.983	0.317
3400.000	8.000	-7.910	0.316
3410.000	8.000	-8.130	0.314
3420.000	8.000	-7.837	0.318
3430.000	8.000	-8.203	0.316
3440.000	8.000	-8.350	0.316
3450.000	8.000	-7.910	0.317
3460.000	8.000	-7.910	0.317
3470.000	8.000	-7.897	0.316
3480.000	8.000	-7.750	0.318
3490.000	8.000	-8.043	0.318
3500.000	8.000	-8.117	0.317
3510.000	8.000	-7.677	0.317
3520.000	8.000	-7.824	0.317
3530.000	8.000	-7.750	0.318
3540.000	8.000	-7.604	0.318
3550.000	8.000	-8.117	0.317
3560.000	8.000	-8.117	0.317
3570.000	8.000	-7.764	0.317
3580.000	8.000	-7.764	0.317
3590.000	8.000	-7.690	0.318
3600.000	8.000	-7.544	0.317
3610.000	8.000	-7.837	0.317
3620.000	8.000	-7.764	0.317
3630.000	8.000	-7.471	0.317
3640.000	8.000	-7.544	0.317
3650.000	8.000	-7.471	0.316
3660.000	8.000	-7.471	0.316
3670.000	8.000	-7.764	0.314
3680.000	8.000	-7.910	0.317
3690.000	8.000	-7.544	0.318
3700.000	8.000	-7.544	0.318
3710.000	8.000	-7.544	0.318
3720.000	8.000	-7.397	0.316
3730.000	8.000	-7.764	0.317
3740.000	8.000	-7.764	0.317
3750.000	8.000	-7.471	0.317
3760.000	8.000	-7.471	0.317
3770.000	8.000	-7.471	0.317
3780.000	8.000	-7.324	0.317
3790.000	8.000	-7.837	0.318
3800.000	8.000	-7.837	0.318
3810.000	8.000	-7.617	0.319
3820.000	8.000	-7.544	0.316
3830.000	8.000	-7.617	0.314
3840.000	8.000	-7.397	0.314
3850.000	8.000	-7.471	0.317
3860.000	8.000	-7.750	0.316
3870.000	8.000	-7.612	0.318
3880.000	8.000	-7.466	0.318
3890.000	8.000	-7.539	0.314
3900.000	8.000	-7.466	0.316
3910.000	8.000	-7.539	0.317
3920.000	8.000	-7.818	0.316
3930.000	8.000	-7.827	0.317
3940.000	8.000	-7.607	0.317
3950.000	8.000	-7.607	0.317
3960.000	8.000	-7.466	0.318
3970.000	8.000	-7.466	0.318
3980.000	8.000	-7.832	0.318
3990.000	8.000	-7.905	0.316
4000.000	8.000	-7.612	0.318
4010.000	8.000	-7.545	0.318
4020.000	8.000	-7.738	0.316
4030.000	8.000	-7.656	0.317
4040.000	8.000	-8.076	0.317
4050.000	8.000	-8.157	0.317
4060.000	8.000	-7.864	0.319
4070.000	8.000	-7.938	0.318
4080.000	8.000	-7.791	0.318
4090.000	8.000	-7.571	0.317
4100.000	8.000	-7.851	0.317
4110.000	8.000	-8.162	0.316
4120.000	8.000	-7.690	0.317
4130.000	8.000	-7.763	0.317
4140.000	8.000	-7.710	0.317
4150.000	8.000	-8.068	0.317
4160.000	8.000	-8.068	0.317
4170.000	8.000	-8.141	0.319
4180.000	8.000	-7.994	0.317
4190.000	8.000	-7.994	0.317
4200.000	8.000	-8.008	0.317
4210.000	8.000	-8.203	0.316
4220.000	8.000	-8.203	0.316
4230.000	8.000	-8.203	0.316
4240.000	8.000	-8.057	0.323
4250.000	8.000	-8.057	0.323
4260.000	8.000	-7.983	0.316
4270.000	8.000	-8.496	0.317
4280.000	8.000	-8.496	0.317
4290.000	8.000	-8.423	0.318
4300.000	8.000	-8.496	0.317
4310.000	8.000	-8.496	0.317
4320.000	8.000	-8.203	0.317
4330.000	8.000	-8.716	0.318
4340.000	8.000	-8.716	0.318
4350.000	8.000	-8.350	0.317
4360.000	8.000	-8.496	0.317
4370.000	8.000	-8.496	0.317
4380.000	8.000	-8.350	0.317
4390.000	8.000	-8.789	0.317
4400.000	8.000	-8.789	0.319
4410.000	8.000	-8.569	0.317
4420.000	8.000	-8.789	0.317
4430.000	8.000	-8.563	0.317
4440.000	8.000	-8.904	0.318
4450.000	8.000	-9.051	0.317
4460.000	8.000	-8.831	0.318
4470.000	8.000	-9.051	0.317
4480.000	8.000	-8.978	0.317
4490.000	8.000	-9.011	0.317
4500.000	8.000	-9.166	0.318
4510.000	8.000	-9.166	0.318
4520.000	8.000	-9.312	0.317
4530.000	8.000	-9.319	0.318
4540.000	8.000	-9.343	0.318
4550.000	8.000	-9.343	0.318
4560.000	8.000	-9.416	0.318
4570.000	8.000	-9.636	0.317
4580.000	8.000	-9.636	0.317
4590.000	8.000	-9.749	0.317
4600.000	8.000	-9.595	0.318
4610.000	8.000	-9.814	0.318
4620.000	8.000	-9.668	0.317
4630.000	8.000	-9.961	0.319
4640.000	8.000	-9.888	0.317
4650.000	8.000	-9.888	0.317
4660.000	8.000	-10.181	0.317
4670.000	8.000	-10.034	0.318
4680.000	8.000	-10.254	0.316
4690.000	8.000	-9.888	0.318
4700.000	8.000	-10.181	0.316
4710.000	8.000	-10.254	0.318
4720.000	8.000	-10.254	0.318
4730.000	8.000	-10.400	0.317
4740.000	8.000	-10.107	0.317
4750.000	8.000	-10.547	0.317
4760.000	8.000	-10.400	0.317
4770.000	8.000	-10.840	0.319
4780.000	8.000	-10.400	0.318
4790.000	8.000	-10.693	0.317
4800.000	8.000	-10.840	0.317
4810.000	8.000	-11.060	0.317
4820.000	8.000	-11.133	0.319
4830.000	8.000	-11.060	0.321
4840.000	8.000	-11.426	0.318
4850.000	8.000	-11.572	0.316
4860.000	8.000	-11.499	0.318
4870.000	8.000	-11.279	0.317
4880.000	8.000	-11.646	0.314
4890.000	8.000	-11.865	0.316
4900.000	8.000	-11.792	0.316
4910.000	8.000	-11.865	0.318
4920.000	8.000	-11.938	0.317
4930.000	8.000	-12.231	0.318
4940.000	8.000	-11.938	0.317
4950.000	8.000	-12.158	0.318
4960.000	8.000	-12.378	0.317
4970.000	8.000	-12.378	0.317
4980.000	8.000	-12.231	0.317
4990.000	8.000	-12.671	0.317
5000.000	8.000	-12.671	0.317
5010.000	8.000	-12.451	0.318
5020.000	8.000	-12.598	0.318
5030.000	8.000	-12.451	0.317
5040.000	8.000	-13.037	0.316
5050.000	8.000	-12.744	0.317
5060.000	8.000	-12.971	0.318
5070.000	8.000	-13.125	0.317
5080.000	8.000	-13.418	0.318
5090.000	8.000	-13.272	0.317
5100.000	8.000	-13.198	0.317
5110.000	8.000	-13.711	0.316
5120.000	8.000	-13.465	0.318
5130.000	8.000	-13.855	0.317
5140.000	8.000	-14.002	0.317
5150.000	8.000	-14.148	0.317
5160.000	8.000	-14.361	0.317
5170.000	8.000	-14.353	0.318
5180.000	8.000	-14.367	0.317
5190.000	8.000	-14.757	0.317
5200.000	8.000	-15.123	0.317
5210.000	8.000	-14.830	0.319
5220.000	8.000	-15.443	0.319
5230.000	8.000	-15.272	0.317
5240.000	8.000	-15.052	0.317
5250.000	8.000	-15.638	0.317
5260.000	8.000	-15.785	0.318
5270.000	8.000	-15.578	0.318
5280.000	8.000	-16.118	0.317
5290.000	8.000	-16.167	0.317
5300.000	8.000	-15.874	0.317
5310.000	8.000	-16.314	0.318
5320.000	8.000	-16.533	0.318
5330.000	8.000	-16.680	0.314
5340.000	8.000	-16.753	0.319
5350.000	8.000	-16.900	0.318
5360.000	8.000	-16.973	0.318
5370.000	8.000	-17.472	0.317
5380.000	8.000	-17.212	0.317
5390.000	8.000	-17.798	0.318
5400.000	8.000	-17.798	0.318
5410.000	8.000	-17.798	0.318
5420.000	8.000	-17.831	0.317
5430.000	8.000	-18.230	0.317
5440.000	8.000	-18.230	0.317
5450.000	8.000	-18.257	0.319
5460.000	8.000	-18.460	0.317
5470.000	8.000	-18.753	0.317
5480.000	8.000	-18.746	0.318
5490.000	8.000	-19.113	0.317
5500.000	8.000	-19.186	0.318
5510.000	8.000	-19.219	0.318
5520.000	8.000	-19.715	0.318
5530.000	8.000	-19.902	0.318
5540.000	8.000	-20.195	0.318
5550.000	8.000	-20.022	0.317
5560.000	8.000	-20.258	0.318
5570.000	8.000	-20.258	0.317
5580.000	8.000	-20.850	0.318
5590.000	8.000	-20.850	0.316
5600.000	8.000	-20.997	0.318
5610.000	8.000	-21.403	0.318
5620.000	8.000	-21.167	0.316
5630.000	8.000	-21.387	0.317
5640.000	8.000	-22.363	0.318
5650.000	8.000	-22.290	0.317
5660.000	8.000	-22.510	0.317
5670.000	8.000	-22.510	0.317
5680.000	8.000	-22.949	0.317
5690.000	8.000	-22.949	0.321
5700.000	8.000	-23.169	0.316
5710.000	8.000	-23.315	0.317
5720.000	8.000	-23.315	0.317
5730.000	8.000	-23.682	0.318
5740.000	8.000	-23.657	0.318
5750.000	8.000	-23.657	0.318
5760.000	8.000	-23.877	0.318
5770.000	8.000	-24.316	0.318
5780.000	8.000	-24.316	0.318
5790.000	8.000	-24.243	0.317
5800.000	8.000	-24.683	0.316
5810.000	8.000	-24.683	0.316
5820.000	8.000	-25.195	0.318
5830.000	8.000	-25.122	0.319
5840.000	8.000	-25.515	0.319
5850.000	8.000	-25.718	0.318
5860.000	8.000	-25.938	0.317
5870.000	8.000	-25.838	0.317
5880.000	8.000	-26.351	0.317
5890.000	8.000	-26.717	0.319
5900.000	8.000	-26.864	0.317
5910.000	8.000	-27.157	0.317
5920.000	8.000	-27.010	0.318
5930.000	8.000	-27.050	0.319
5940.000	8.000	-27.805	0.318
5950.000	8.000	-27.748	0.317
5960.000	8.000	-27.967	0.321
5970.000	8.000	-28.214	0.316
5980.000	8.000	-28.141	0.317
5990.000	8.000	-28.280	0.317
6000.000	8.000	-28.581	0.319
6010.000	8.000	-28.728	0.318
6020.000	8.000	-29.094	0.317
6030.000	8.000	-29.494	0.317
6040.000	8.000	-29.152	0.318
6050.000	8.000	-29.105	0.264
6060.000	8.000	-29.423	0.195
6070.000	8.000	-30.009	0.146
6080.000	8.000	-30.009	0.107
6090.000	8.000	-29.942	0.080
6100.000	8.000	-30.373	0.058
6110.000	8.000	-29.967	0.046
6120.000	8.000	-30.138	0.034
6130.000	8.000	-30.431	0.026
6140.000	8.000	-30.358	0.018
6150.000	8.000	-30.478	0.014
6160.000	8.000	-30.526	0.013
6170.000	8.000	-30.094	0.010
6180.000	8.000	-30.492	0.009
6190.000	8.000	-30.566	0.004
6200.000	8.000	-30.053	0.006
6210.000	8.000	-30.711	0.004
6220.000	8.000	-30.394	0.007
6230.000	8.000	-29.968	0.007
6240.000	8.000	-30.383	0.007
6250.000	8.000	-30.383	0.001
6260.000	8.000	-30.310	0.004
6270.000	8.000	-30.596	0.002
6280.000	8.000	-30.270	0.001
6290.000	8.000	-29.997	0.004
6300.000	8.000	-30.486	0.006
6310.000	8.000	-30.233	0.004
6320.000	8.000	-30.107	0.006
6330.000	8.000	-30.403	0.006
6340.000	8.000	-29.988	0.007
6350.000	8.000	-30.134	0.004
6360.000	8.000	-29.915	0.006
6370.000	8.000	-29.695	0.007
6380.000	8.000	-29.761	0.004
6390.000	8.000	-30.043	0.002
6400.000	8.000	-29.481	0.003
6410.000	8.000	-29.275	0.003
6420.000	8.000	-29.719	0.004
6430.000	8.000	-29.556	0.002
6440.000	8.000	-29.150	0.002
6450.000	8.000	-29.394	0.003
6460.000	8.000	-29.467	0.002
6470.000	8.000	-29.201	0.002
6480.000	8.000	-29.378	0.004
6490.000	8.000	-29.077	0.004
6500.000	8.000	-28.884	0.007
6510.000	8.000	-29.506	0.003
6520.000	8.000	-28.968	0.003
6530.000	8.000	-28.635	0.006
6540.000	8.000	-29.131	0.004
6550.000	8.000	-28.667	0.006
6560.000	8.000	-28.461	0.004
6570.000	8.000	-28.727	0.006
6580.000	8.000	-28.337	0.007
6590.000	8.000	-28.263	0.006
6600.000	8.000	-28.237	0.004
6610.000	8.000	-27.748	0.004
6620.000	8.000	-27.748	0.004
6630.000	8.000	-28.008	0.006
6640.000	8.000	-27.406	0.007
6650.000	8.000	-27.406	0.007
6660.000	8.000	-27.319	0.004
6670.000	8.000	-27.173	0.002
6680.000	8.000	-27.173	0.002
6690.000	8.000	-27.026	0.002
6700.000	8.000	-26.514	0.003
6710.000	8.000	-26.514	0.003
6720.000	8.000	-26.587	0.004
6730.000	8.000	-26.147	0.003
6740.000	8.000	-26.147	0.003
6750.000	8.000	-26.147	0.003
6760.000	8.000	-25.928	0.003
6770.000	8.000	-25.928	0.003
6780.000	8.000	-25.415	0.003
6790.000	8.000	-25.342	0.003
6800.000	8.000	-25.342	0.003
6810.000	8.000	-25.342	0.004
6820.000	8.000	-25.195	0.004
6830.000	8.000	-25.195	0.004
6840.000	8.000	-24.976	0.004
6850.000	8.000	-24.683	0.007
6860.000	8.000	-24.683	0.007
6870.000	8.000	-24.536	0.004
6880.000	8.000	-24.023	0.006
6890.000	8.000	-24.023	0.006
6900.000	8.000	-24.023	0.007
6910.000	8.000	-23.657	0.006
6920.000	8.000	-23.657	0.006
6930.000	8.000	-23.437	0.007
6940.000	8.000	-23.364	0.006
6950.000	8.000	-23.364	0.006
6960.000	8.000	-23.071	0.004
6970.000	8.000	-22.852	0.004
6980.000	8.000	-22.852	0.004
6990.000	8.000	-22.852	0.003
7000.000	8.000	-22.192	0.003
7010.000	8.000	-22.192	0.003
7020.000	8.000	-22.192	0.001
