%Time [ms]	Commanded Torque [mNm]	Angular Velocity [RPM]	Actual Current [Amp]	%9/23/20259:30 AM
0.000	0.000	0.000	0.000
20.000	8.000	46.875	0.006
30.000	8.000	46.875	0.006
40.000	8.000	46.875	0.006
50.000	8.000	58.594	0.038
60.000	8.000	58.594	0.038
70.000	8.000	58.594	0.038
80.000	8.000	42.969	0.007
90.000	8.000	42.969	0.007
100.000	8.000	42.969	0.007
110.000	8.000	60.547	0.018
120.000	8.000	60.547	0.018
130.000	8.000	60.547	0.018
140.000	8.000	68.359	0.024
150.000	8.000	68.359	0.024
160.000	8.000	68.359	0.024
170.000	8.000	60.547	0.029
180.000	8.000	60.547	0.029
190.000	8.000	60.547	0.029
200.000	8.000	66.406	0.013
210.000	8.000	66.406	0.013
220.000	8.000	66.406	0.013
230.000	8.000	42.969	0.012
240.000	8.000	42.969	0.012
250.000	8.000	42.969	0.012
260.000	8.000	25.391	0.011
270.000	8.000	25.391	0.011
280.000	8.000	25.391	0.011
290.000	8.000	87.891	0.007
300.000	8.000	87.891	0.007
310.000	8.000	87.891	0.007
320.000	8.000	42.969	0.020
330.000	8.000	42.969	0.020
340.000	8.000	42.969	0.020
350.000	8.000	83.984	0.029
360.000	8.000	83.984	0.029
370.000	8.000	83.984	0.029
380.000	8.000	62.500	0.007
390.000	8.000	62.500	0.007
400.000	8.000	62.500	0.007
410.000	8.000	78.125	0.045
420.000	8.000	78.125	0.045
430.000	8.000	78.125	0.045
440.000	8.000	74.219	0.028
450.000	8.000	74.219	0.028
460.000	8.000	74.219	0.028
470.000	8.000	68.359	0.039
480.000	8.000	68.359	0.039
490.000	8.000	68.359	0.039
500.000	8.000	76.172	0.026
510.000	8.000	76.172	0.026
520.000	8.000	76.172	0.026
530.000	8.000	54.687	0.028
540.000	8.000	54.687	0.028
550.000	8.000	54.687	0.028
560.000	8.000	76.172	0.031
570.000	8.000	76.172	0.031
580.000	8.000	76.172	0.031
590.000	8.000	78.125	0.013
600.000	8.000	78.125	0.013
610.000	8.000	78.125	0.013
620.000	8.000	50.781	0.035
630.000	8.000	50.781	0.035
640.000	8.000	50.781	0.035
650.000	8.000	52.734	0.038
660.000	8.000	52.734	0.038
670.000	8.000	52.734	0.038
680.000	8.000	66.406	0.034
690.000	8.000	66.406	0.034
700.000	8.000	66.406	0.034
710.000	8.000	83.984	0.045
720.000	8.000	83.984	0.045
730.000	8.000	83.984	0.045
740.000	8.000	70.312	0.037
750.000	8.000	70.312	0.037
760.000	8.000	70.312	0.037
770.000	8.000	82.031	0.018
780.000	8.000	82.031	0.018
790.000	8.000	82.031	0.018
800.000	8.000	52.734	0.027
810.000	8.000	52.734	0.027
820.000	8.000	52.734	0.027
830.000	8.000	37.109	0.021
840.000	8.000	37.109	0.021
850.000	8.000	37.109	0.021
860.000	8.000	78.125	0.016
870.000	8.000	78.125	0.016
880.000	8.000	78.125	0.016
890.000	8.000	72.266	0.022
900.000	8.000	72.266	0.022
910.000	8.000	72.266	0.022
920.000	8.000	87.891	0.013
930.000	8.000	87.891	0.013
940.000	8.000	87.891	0.013
950.000	8.000	82.031	0.023
960.000	8.000	82.031	0.023
970.000	8.000	82.031	0.023
980.000	8.000	52.734	0.032
990.000	8.000	52.734	0.032
1000.000	8.000	52.734	0.032
1010.000	8.000	42.969	0.017
1020.000	8.000	42.969	0.017
1030.000	8.000	42.969	0.017
1040.000	8.000	64.453	0.040
1050.000	8.000	64.453	0.040
1060.000	8.000	64.453	0.040
1070.000	8.000	48.828	0.037
1080.000	8.000	48.828	0.037
1090.000	8.000	48.828	0.037
1100.000	8.000	56.641	0.145
1110.000	8.000	56.641	0.145
1120.000	8.000	56.641	0.145
1130.000	8.000	76.172	0.228
1140.000	8.000	76.172	0.228
1150.000	8.000	76.172	0.228
1160.000	8.000	52.734	0.234
1170.000	8.000	52.734	0.234
1180.000	8.000	52.734	0.234
1190.000	8.000	82.031	0.262
1200.000	8.000	82.031	0.262
1210.000	8.000	82.031	0.262
1220.000	8.000	121.094	0.268
1230.000	8.000	121.094	0.268
1240.000	8.000	121.094	0.268
1250.000	8.000	154.297	0.266
1260.000	8.000	154.297	0.266
1270.000	8.000	154.297	0.266
1280.000	8.000	148.437	0.259
1290.000	8.000	148.437	0.259
1300.000	8.000	148.437	0.259
1310.000	8.000	123.047	0.276
1320.000	8.000	123.047	0.276
1330.000	8.000	123.047	0.276
1340.000	8.000	173.828	0.261
1350.000	8.000	173.828	0.261
1360.000	8.000	173.828	0.261
1370.000	8.000	226.562	0.277
1380.000	8.000	226.562	0.277
1390.000	8.000	226.562	0.277
1400.000	8.000	216.797	0.275
1410.000	8.000	216.797	0.275
1420.000	8.000	216.797	0.275
1430.000	8.000	226.562	0.251
1440.000	8.000	226.562	0.251
1450.000	8.000	226.562	0.251
1460.000	8.000	242.187	0.256
1470.000	8.000	242.187	0.256
1480.000	8.000	242.187	0.256
1490.000	8.000	265.625	0.262
1500.000	8.000	265.625	0.262
1510.000	8.000	265.625	0.262
1520.000	8.000	257.812	0.284
1530.000	8.000	257.812	0.284
1540.000	8.000	257.812	0.284
1550.000	8.000	298.828	0.271
1560.000	8.000	298.828	0.271
1570.000	8.000	298.828	0.271
1580.000	8.000	275.391	0.270
1590.000	8.000	275.391	0.270
1600.000	8.000	275.391	0.270
1610.000	8.000	289.062	0.285
1620.000	8.000	289.062	0.285
1630.000	8.000	289.062	0.285
1640.000	8.000	332.031	0.240
1650.000	8.000	332.031	0.240
1660.000	8.000	332.031	0.240
1670.000	8.000	320.312	0.260
1680.000	8.000	320.312	0.260
1690.000	8.000	320.312	0.260
1700.000	8.000	343.750	0.275
1710.000	8.000	343.750	0.275
1720.000	8.000	343.750	0.275
1730.000	8.000	369.141	0.254
1740.000	8.000	369.141	0.254
1750.000	8.000	369.141	0.254
1760.000	8.000	400.391	0.270
1770.000	8.000	400.391	0.270
1780.000	8.000	400.391	0.270
1790.000	8.000	384.766	0.255
1800.000	8.000	384.766	0.255
1810.000	8.000	384.766	0.255
1820.000	8.000	431.641	0.255
1830.000	8.000	431.641	0.255
1840.000	8.000	431.641	0.255
1850.000	8.000	404.297	0.255
1860.000	8.000	404.297	0.255
1870.000	8.000	404.297	0.255
1880.000	8.000	441.406	0.270
1890.000	8.000	441.406	0.270
1900.000	8.000	441.406	0.270
1910.000	8.000	464.844	0.262
1920.000	8.000	464.844	0.262
1930.000	8.000	464.844	0.262
1940.000	8.000	443.359	0.230
1950.000	8.000	443.359	0.230
1960.000	8.000	443.359	0.230
1970.000	8.000	478.516	0.243
1980.000	8.000	478.516	0.243
1990.000	8.000	478.516	0.243
2000.000	8.000	509.766	0.277
2010.000	8.000	509.766	0.277
2020.000	8.000	509.766	0.277
2030.000	8.000	474.609	0.265
2040.000	8.000	474.609	0.265
2050.000	8.000	474.609	0.265
2060.000	8.000	513.672	0.258
2070.000	8.000	513.672	0.258
2080.000	8.000	513.672	0.258
2090.000	8.000	525.391	0.274
2100.000	8.000	525.391	0.274
2110.000	8.000	525.391	0.274
2120.000	8.000	554.687	0.260
2130.000	8.000	554.687	0.260
2140.000	8.000	554.687	0.260
2150.000	8.000	556.641	0.278
2160.000	8.000	556.641	0.278
2170.000	8.000	556.641	0.278
2180.000	8.000	570.312	0.257
2190.000	8.000	570.312	0.257
2200.000	8.000	570.312	0.257
2210.000	8.000	601.562	0.247
2220.000	8.000	601.562	0.247
2230.000	8.000	601.562	0.247
2240.000	8.000	589.844	0.276
2250.000	8.000	589.844	0.276
2260.000	8.000	589.844	0.276
2270.000	8.000	601.562	0.279
2280.000	8.000	601.562	0.279
2290.000	8.000	601.562	0.279
2300.000	8.000	613.281	0.268
2310.000	8.000	613.281	0.268
2320.000	8.000	613.281	0.268
2330.000	8.000	642.578	0.272
2340.000	8.000	642.578	0.272
2350.000	8.000	642.578	0.272
2360.000	8.000	658.203	0.274
2370.000	8.000	658.203	0.274
2380.000	8.000	658.203	0.274
2390.000	8.000	621.094	0.278
2400.000	8.000	621.094	0.278
2410.000	8.000	621.094	0.278
2420.000	8.000	658.203	0.268
2430.000	8.000	658.203	0.268
2440.000	8.000	658.203	0.268
2450.000	8.000	673.828	0.259
2460.000	8.000	673.828	0.259
2470.000	8.000	673.828	0.259
2480.000	8.000	691.406	0.257
2490.000	8.000	691.406	0.257
2500.000	8.000	691.406	0.257
2510.000	8.000	689.453	0.260
2520.000	8.000	689.453	0.260
2530.000	8.000	689.453	0.260
2540.000	8.000	716.797	0.280
2550.000	8.000	716.797	0.280
2560.000	8.000	716.797	0.280
2570.000	8.000	724.609	0.269
2580.000	8.000	724.609	0.269
2590.000	8.000	724.609	0.269
2600.000	8.000	761.719	0.271
2610.000	8.000	761.719	0.271
2620.000	8.000	761.719	0.271
2630.000	8.000	765.625	0.262
2640.000	8.000	765.625	0.262
2650.000	8.000	765.625	0.262
2660.000	8.000	789.062	0.259
2670.000	8.000	789.062	0.259
2680.000	8.000	789.062	0.259
2690.000	8.000	792.969	0.265
2700.000	8.000	792.969	0.265
2710.000	8.000	792.969	0.265
2720.000	8.000	812.500	0.270
2730.000	8.000	812.500	0.270
2740.000	8.000	812.500	0.270
2750.000	8.000	824.219	0.265
2760.000	8.000	824.219	0.265
2770.000	8.000	824.219	0.265
2780.000	8.000	847.656	0.254
2790.000	8.000	847.656	0.254
2800.000	8.000	847.656	0.254
2810.000	8.000	822.266	0.255
2820.000	8.000	822.266	0.255
2830.000	8.000	822.266	0.255
2840.000	8.000	855.469	0.271
2850.000	8.000	855.469	0.271
2860.000	8.000	855.469	0.271
2870.000	8.000	861.328	0.259
2880.000	8.000	861.328	0.259
2890.000	8.000	861.328	0.259
2900.000	8.000	853.516	0.271
2910.000	8.000	853.516	0.271
2920.000	8.000	853.516	0.271
2930.000	8.000	888.672	0.246
2940.000	8.000	888.672	0.246
2950.000	8.000	888.672	0.246
2960.000	8.000	880.859	0.272
2970.000	8.000	880.859	0.272
2980.000	8.000	880.859	0.272
2990.000	8.000	906.250	0.267
3000.000	8.000	906.250	0.267
3010.000	8.000	906.250	0.267
3020.000	8.000	921.875	0.249
3030.000	8.000	921.875	0.249
3040.000	8.000	921.875	0.249
3050.000	8.000	935.547	0.263
3060.000	8.000	935.547	0.263
3070.000	8.000	935.547	0.263
3080.000	8.000	919.922	0.282
3090.000	8.000	919.922	0.282
3100.000	8.000	919.922	0.282
3110.000	8.000	951.172	0.278
3120.000	8.000	951.172	0.278
3130.000	8.000	951.172	0.278
3140.000	8.000	992.187	0.261
3150.000	8.000	992.187	0.261
3160.000	8.000	992.187	0.261
3170.000	8.000	996.094	0.251
3180.000	8.000	996.094	0.251
3190.000	8.000	996.094	0.251
3200.000	8.000	976.562	0.264
3210.000	8.000	976.562	0.264
3220.000	8.000	976.562	0.264
3230.000	8.000	1001.953	0.256
3240.000	8.000	1001.953	0.256
3250.000	8.000	1001.953	0.256
3260.000	8.000	1023.437	0.271
3270.000	8.000	1023.437	0.271
3280.000	8.000	1023.437	0.271
3290.000	8.000	1029.297	0.257
3300.000	8.000	1029.297	0.257
3310.000	8.000	1029.297	0.257
3320.000	8.000	1054.687	0.266
3330.000	8.000	1054.687	0.266
3340.000	8.000	1054.687	0.266
3350.000	8.000	1041.016	0.258
3360.000	8.000	1041.016	0.258
3370.000	8.000	1041.016	0.258
3380.000	8.000	1080.078	0.267
3390.000	8.000	1080.078	0.267
3400.000	8.000	1080.078	0.267
3410.000	8.000	1062.500	0.273
3420.000	8.000	1062.500	0.273
3430.000	8.000	1062.500	0.273
3440.000	8.000	1087.891	0.278
3450.000	8.000	1087.891	0.278
3460.000	8.000	1087.891	0.278
3470.000	8.000	1083.984	0.259
3480.000	8.000	1083.984	0.259
3490.000	8.000	1083.984	0.259
3500.000	8.000	1119.141	0.259
3510.000	8.000	1119.141	0.259
3520.000	8.000	1119.141	0.259
3530.000	8.000	1113.281	0.270
3540.000	8.000	1113.281	0.270
3550.000	8.000	1113.281	0.270
3560.000	8.000	1136.719	0.271
3570.000	8.000	1136.719	0.271
3580.000	8.000	1136.719	0.271
3590.000	8.000	1171.875	0.273
3600.000	8.000	1171.875	0.273
3610.000	8.000	1171.875	0.273
3620.000	8.000	1134.766	0.265
3630.000	8.000	1134.766	0.265
3640.000	8.000	1134.766	0.265
3650.000	8.000	1164.062	0.263
3660.000	8.000	1164.062	0.263
3670.000	8.000	1164.062	0.263
3680.000	8.000	1166.016	0.245
3690.000	8.000	1166.016	0.245
3700.000	8.000	1166.016	0.245
3710.000	8.000	1162.109	0.268
3720.000	8.000	1162.109	0.268
3730.000	8.000	1162.109	0.268
3740.000	8.000	1167.969	0.280
3750.000	8.000	1167.969	0.280
3760.000	8.000	1167.969	0.280
3770.000	8.000	1191.406	0.262
3780.000	8.000	1191.406	0.262
3790.000	8.000	1191.406	0.262
3800.000	8.000	1228.516	0.269
3810.000	8.000	1228.516	0.269
3820.000	8.000	1228.516	0.269
3830.000	8.000	1244.141	0.276
3840.000	8.000	1244.141	0.276
3850.000	8.000	1244.141	0.276
3860.000	8.000	1251.953	0.251
3870.000	8.000	1251.953	0.251
3880.000	8.000	1251.953	0.251
3890.000	8.000	1259.766	0.269
3900.000	8.000	1259.766	0.269
3910.000	8.000	1259.766	0.269
3920.000	8.000	1242.187	0.268
3930.000	8.000	1242.187	0.268
3940.000	8.000	1242.187	0.268
3950.000	8.000	1287.109	0.271
3960.000	8.000	1287.109	0.271
3970.000	8.000	1287.109	0.271
3980.000	8.000	1289.062	0.271
3990.000	8.000	1289.062	0.271
4000.000	8.000	1289.062	0.271
4010.000	8.000	1263.672	0.277
4020.000	8.000	1263.672	0.277
4030.000	8.000	1263.672	0.277
4040.000	8.000	1332.031	0.254
4050.000	8.000	1332.031	0.254
4060.000	8.000	1332.031	0.254
4070.000	8.000	1330.078	0.256
4080.000	8.000	1330.078	0.256
4090.000	8.000	1330.078	0.256
4100.000	8.000	1314.453	0.267
4110.000	8.000	1314.453	0.267
4120.000	8.000	1314.453	0.267
4130.000	8.000	1341.797	0.281
4140.000	8.000	1341.797	0.281
4150.000	8.000	1341.797	0.281
4160.000	8.000	1367.187	0.262
4170.000	8.000	1367.187	0.262
4180.000	8.000	1367.187	0.262
4190.000	8.000	1380.859	0.249
4200.000	8.000	1380.859	0.249
4210.000	8.000	1380.859	0.249
4220.000	8.000	1373.047	0.273
4230.000	8.000	1373.047	0.273
4240.000	8.000	1373.047	0.273
4250.000	8.000	1388.672	0.252
4260.000	8.000	1388.672	0.252
4270.000	8.000	1388.672	0.252
4280.000	8.000	1427.734	0.250
4290.000	8.000	1427.734	0.250
4300.000	8.000	1427.734	0.250
4310.000	8.000	1421.875	0.258
4320.000	8.000	1421.875	0.258
4330.000	8.000	1421.875	0.258
4340.000	8.000	1404.297	0.259
4350.000	8.000	1404.297	0.259
4360.000	8.000	1404.297	0.259
4370.000	8.000	1419.922	0.263
4380.000	8.000	1419.922	0.263
4390.000	8.000	1419.922	0.263
4400.000	8.000	1441.406	0.260
4410.000	8.000	1441.406	0.260
4420.000	8.000	1441.406	0.260
4430.000	8.000	1445.312	0.261
4440.000	8.000	1445.312	0.261
4450.000	8.000	1445.312	0.261
4460.000	8.000	1466.797	0.256
4470.000	8.000	1466.797	0.256
4480.000	8.000	1466.797	0.256
4490.000	8.000	1468.750	0.258
4500.000	8.000	1468.750	0.258
4510.000	8.000	1468.750	0.258
4520.000	8.000	1470.703	0.265
4530.000	8.000	1470.703	0.265
4540.000	8.000	1470.703	0.265
4550.000	8.000	1476.562	0.280
4560.000	8.000	1476.562	0.280
4570.000	8.000	1476.562	0.280
4580.000	8.000	1472.656	0.245
4590.000	8.000	1472.656	0.245
4600.000	8.000	1472.656	0.245
4610.000	8.000	1500.000	0.273
4620.000	8.000	1500.000	0.273
4630.000	8.000	1500.000	0.273
4640.000	8.000	1501.953	0.257
4650.000	8.000	1501.953	0.257
4660.000	8.000	1501.953	0.257
4670.000	8.000	1546.875	0.266
4680.000	8.000	1546.875	0.266
4690.000	8.000	1546.875	0.266
4700.000	8.000	1554.687	0.265
4710.000	8.000	1554.687	0.265
4720.000	8.000	1554.687	0.265
4730.000	8.000	1556.641	0.271
4740.000	8.000	1556.641	0.271
4750.000	8.000	1556.641	0.271
4760.000	8.000	1539.062	0.270
4770.000	8.000	1539.062	0.270
4780.000	8.000	1539.062	0.270
4790.000	8.000	1556.641	0.260
4800.000	8.000	1556.641	0.260
4810.000	8.000	1556.641	0.260
4820.000	8.000	1580.078	0.277
4830.000	8.000	1580.078	0.277
4840.000	8.000	1580.078	0.277
4850.000	8.000	1593.750	0.273
4860.000	8.000	1593.750	0.273
4870.000	8.000	1593.750	0.273
4880.000	8.000	1591.797	0.275
4890.000	8.000	1591.797	0.275
4900.000	8.000	1591.797	0.275
4910.000	8.000	1623.047	0.240
4920.000	8.000	1623.047	0.240
4930.000	8.000	1623.047	0.240
4940.000	8.000	1646.484	0.273
4950.000	8.000	1646.484	0.273
4960.000	8.000	1646.484	0.273
4970.000	8.000	1646.484	0.282
4980.000	8.000	1646.484	0.282
4990.000	8.000	1646.484	0.282
5000.000	8.000	1642.578	0.251
5010.000	8.000	1642.578	0.251
5020.000	8.000	1642.578	0.251
5030.000	8.000	1628.906	0.248
5040.000	8.000	1628.906	0.248
5050.000	8.000	1628.906	0.248
5060.000	8.000	1677.734	0.255
5070.000	8.000	1677.734	0.255
5080.000	8.000	1677.734	0.255
5090.000	8.000	1697.266	0.259
5100.000	8.000	1697.266	0.259
5110.000	8.000	1697.266	0.259
5120.000	8.000	1673.828	0.259
5130.000	8.000	1673.828	0.259
5140.000	8.000	1673.828	0.259
5150.000	8.000	1679.687	0.272
5160.000	8.000	1679.687	0.272
5170.000	8.000	1679.687	0.272
5180.000	8.000	1707.031	0.257
5190.000	8.000	1707.031	0.257
5200.000	8.000	1707.031	0.257
5210.000	8.000	1675.781	0.258
5220.000	8.000	1675.781	0.258
5230.000	8.000	1675.781	0.258
5240.000	8.000	1736.328	0.258
5250.000	8.000	1736.328	0.258
5260.000	8.000	1736.328	0.258
5270.000	8.000	1716.797	0.262
5280.000	8.000	1716.797	0.262
5290.000	8.000	1716.797	0.262
5300.000	8.000	1748.047	0.249
5310.000	8.000	1748.047	0.249
5320.000	8.000	1748.047	0.249
5330.000	8.000	1763.672	0.253
5340.000	8.000	1763.672	0.253
5350.000	8.000	1763.672	0.253
5360.000	8.000	1753.906	0.252
5370.000	8.000	1753.906	0.252
5380.000	8.000	1753.906	0.252
5390.000	8.000	1746.094	0.250
5400.000	8.000	1746.094	0.250
5410.000	8.000	1746.094	0.250
5420.000	8.000	1798.828	0.251
5430.000	8.000	1798.828	0.251
5440.000	8.000	1798.828	0.251
5450.000	8.000	1773.437	0.273
5460.000	8.000	1773.437	0.273
5470.000	8.000	1773.437	0.273
5480.000	8.000	1812.500	0.255
5490.000	8.000	1812.500	0.255
5500.000	8.000	1812.500	0.255
5510.000	8.000	1794.922	0.277
5520.000	8.000	1794.922	0.277
5530.000	8.000	1794.922	0.277
5540.000	8.000	1837.891	0.263
5550.000	8.000	1837.891	0.263
5560.000	8.000	1837.891	0.263
5570.000	8.000	1832.031	0.274
5580.000	8.000	1832.031	0.274
5590.000	8.000	1832.031	0.274
5600.000	8.000	1822.266	0.270
5610.000	8.000	1822.266	0.270
5620.000	8.000	1822.266	0.270
5630.000	8.000	1843.750	0.249
5640.000	8.000	1843.750	0.249
5650.000	8.000	1843.750	0.249
5660.000	8.000	1865.234	0.272
5670.000	8.000	1865.234	0.272
5680.000	8.000	1865.234	0.272
5690.000	8.000	1849.609	0.276
5700.000	8.000	1849.609	0.276
5710.000	8.000	1849.609	0.276
5720.000	8.000	1867.187	0.275
5730.000	8.000	1867.187	0.275
5740.000	8.000	1867.187	0.275
5750.000	8.000	1875.000	0.251
5760.000	8.000	1875.000	0.251
5770.000	8.000	1875.000	0.251
5780.000	8.000	1914.062	0.263
5790.000	8.000	1914.062	0.263
5800.000	8.000	1914.062	0.263
5810.000	8.000	1908.203	0.254
5820.000	8.000	1908.203	0.254
5830.000	8.000	1908.203	0.254
5840.000	8.000	1923.828	0.271
5850.000	8.000	1923.828	0.271
5860.000	8.000	1923.828	0.271
5870.000	8.000	1914.062	0.269
5880.000	8.000	1914.062	0.269
5890.000	8.000	1914.062	0.269
5900.000	8.000	1947.266	0.263
5910.000	8.000	1947.266	0.263
5920.000	8.000	1947.266	0.263
5930.000	8.000	1955.078	0.262
5940.000	8.000	1955.078	0.262
5950.000	8.000	1955.078	0.262
5960.000	8.000	1964.844	0.246
5970.000	8.000	1964.844	0.246
5980.000	8.000	1964.844	0.246
5990.000	8.000	1964.844	0.268
6000.000	8.000	1964.844	0.268
6010.000	8.000	1964.844	0.268
6020.000	8.000	1974.609	0.245
6030.000	8.000	1974.609	0.245
6040.000	8.000	1974.609	0.245
6050.000	8.000	1998.047	0.239
6060.000	8.000	1998.047	0.239
6070.000	8.000	1998.047	0.239
6080.000	8.000	1966.797	0.256
6090.000	8.000	1966.797	0.256
6100.000	8.000	1966.797	0.256
6110.000	8.000	1949.219	0.133
6120.000	8.000	1949.219	0.133
6130.000	8.000	1949.219	0.133
6140.000	8.000	1974.609	0.061
6150.000	8.000	1974.609	0.061
6160.000	8.000	1974.609	0.061
6170.000	8.000	1984.375	0.052
6180.000	8.000	1984.375	0.052
6190.000	8.000	1984.375	0.052
6200.000	8.000	1945.312	0.035
6210.000	8.000	1945.312	0.035
6220.000	8.000	1945.312	0.035
6230.000	8.000	1925.781	0.012
6240.000	8.000	1925.781	0.012
6250.000	8.000	1925.781	0.012
6260.000	8.000	1919.922	0.024
6270.000	8.000	1919.922	0.024
6280.000	8.000	1919.922	0.024
6290.000	8.000	1902.344	0.014
6300.000	8.000	1902.344	0.014
6310.000	8.000	1902.344	0.014
6320.000	8.000	1916.016	0.034
6330.000	8.000	1916.016	0.034
6340.000	8.000	1916.016	0.034
6350.000	8.000	1900.391	0.013
6360.000	8.000	1900.391	0.013
6370.000	8.000	1900.391	0.013
6380.000	8.000	1900.391	0.024
6390.000	8.000	1900.391	0.024
6400.000	8.000	1900.391	0.024
6410.000	8.000	1876.953	0.021
6420.000	8.000	1876.953	0.021
6430.000	8.000	1876.953	0.021
6440.000	8.000	1845.703	0.007
6450.000	8.000	1845.703	0.007
6460.000	8.000	1845.703	0.007
6470.000	8.000	1826.172	0.019
6480.000	8.000	1826.172	0.019
6490.000	8.000	1826.172	0.019
6500.000	8.000	1841.797	0.027
6510.000	8.000	1841.797	0.027
6520.000	8.000	1841.797	0.027
6530.000	8.000	1806.641	0.007
6540.000	8.000	1806.641	0.007
6550.000	8.000	1806.641	0.007
6560.000	8.000	1806.641	0.028
6570.000	8.000	1806.641	0.028
6580.000	8.000	1806.641	0.028
6590.000	8.000	1808.594	0.026
6600.000	8.000	1808.594	0.026
6610.000	8.000	1808.594	0.026
6620.000	8.000	1767.578	0.017
6630.000	8.000	1767.578	0.017
6640.000	8.000	1767.578	0.017
6650.000	8.000	1781.250	0.015
6660.000	8.000	1781.250	0.015
6670.000	8.000	1781.250	0.015
6680.000	8.000	1748.047	0.019
6690.000	8.000	1748.047	0.019
6700.000	8.000	1748.047	0.019
6710.000	8.000	1732.422	0.037
6720.000	8.000	1732.422	0.037
6730.000	8.000	1732.422	0.037
6740.000	8.000	1744.141	0.033
6750.000	8.000	1744.141	0.033
6760.000	8.000	1744.141	0.033
6770.000	8.000	1750.000	0.023
6780.000	8.000	1750.000	0.023
6790.000	8.000	1750.000	0.023
6800.000	8.000	1714.844	0.034
6810.000	8.000	1714.844	0.034
6820.000	8.000	1714.844	0.034
6830.000	8.000	1681.641	0.012
6840.000	8.000	1681.641	0.012
6850.000	8.000	1681.641	0.012
6860.000	8.000	1673.828	0.025
6870.000	8.000	1673.828	0.025
6880.000	8.000	1673.828	0.025
6890.000	8.000	1689.453	0.018
6900.000	8.000	1689.453	0.018
6910.000	8.000	1689.453	0.018
6920.000	8.000	1648.437	0.023
6930.000	8.000	1648.437	0.023
6940.000	8.000	1648.437	0.023
6950.000	8.000	1662.109	0.020
6960.000	8.000	1662.109	0.020
6970.000	8.000	1662.109	0.020
6980.000	8.000	1656.250	0.036
6990.000	8.000	1656.250	0.036
7000.000	8.000	1656.250	0.036
7010.000	8.000	1599.609	0.033
7020.000	8.000	1599.609	0.033
