%Time [ms]	Commanded Torque [mNm]	Angular Velocity [RPM]	Actual Current [Amp]	%9/23/20259:37 AM
0.000	0.000	0.000	0.000
20.000	4.000	0.000	0.006
30.000	4.000	0.000	0.006
40.000	4.000	0.000	0.007
50.000	4.000	0.000	0.006
60.000	4.000	0.000	0.007
70.000	4.000	0.000	0.007
80.000	4.000	0.000	0.008
90.000	4.000	0.000	0.009
100.000	4.000	0.000	0.008
110.000	4.000	0.000	0.008
120.000	4.000	0.000	0.008
130.000	4.000	0.000	0.007
140.000	4.000	0.000	0.008
150.000	4.000	0.000	0.004
160.000	4.000	0.000	0.007
170.000	4.000	0.000	0.007
180.000	4.000	0.000	0.007
190.000	4.000	0.000	0.006
200.000	4.000	0.000	0.006
210.000	4.000	0.000	0.006
220.000	4.000	0.000	0.007
230.000	4.000	0.000	0.006
240.000	4.000	0.000	0.006
250.000	4.000	0.000	0.003
260.000	4.000	0.000	0.001
270.000	4.000	0.000	0.004
280.000	4.000	0.000	0.003
290.000	4.000	0.000	0.002
300.000	4.000	0.000	0.006
310.000	4.000	0.000	0.007
320.000	4.000	0.000	0.006
330.000	4.000	0.000	0.007
340.000	4.000	0.000	0.003
350.000	4.000	0.000	0.003
360.000	4.000	0.000	0.004
370.000	4.000	0.000	0.003
380.000	4.000	0.000	0.003
390.000	4.000	0.000	0.002
400.000	4.000	0.073	0.004
410.000	4.000	0.073	0.006
420.000	4.000	0.073	0.006
430.000	4.000	0.073	0.006
440.000	4.000	0.073	0.006
450.000	4.000	0.073	0.004
460.000	4.000	0.073	0.008
470.000	4.000	0.073	0.006
480.000	4.000	0.073	0.003
490.000	4.000	0.073	0.004
500.000	4.000	0.000	0.004
510.000	4.000	0.000	0.004
520.000	4.000	0.000	0.004
530.000	4.000	0.000	0.007
540.000	4.000	0.000	0.006
550.000	4.000	0.000	0.004
560.000	4.000	0.000	0.007
570.000	4.000	0.000	0.007
580.000	4.000	0.000	0.006
590.000	4.000	0.000	0.004
600.000	4.000	0.000	0.007
610.000	4.000	0.000	0.007
620.000	4.000	0.000	0.003
630.000	4.000	0.000	0.004
640.000	4.000	0.000	0.002
650.000	4.000	0.000	0.004
660.000	4.000	0.000	0.004
670.000	4.000	0.000	0.003
680.000	4.000	0.000	0.003
690.000	4.000	0.000	0.007
700.000	4.000	0.000	0.007
710.000	4.000	0.000	0.004
720.000	4.000	0.000	0.003
730.000	4.000	0.000	0.001
740.000	4.000	0.000	0.003
750.000	4.000	0.000	0.006
760.000	4.000	0.000	0.003
770.000	4.000	0.000	0.006
780.000	4.000	0.000	0.006
790.000	4.000	0.000	0.004
800.000	4.000	0.000	0.006
810.000	4.000	0.000	0.004
820.000	4.000	0.000	0.003
830.000	4.000	0.000	0.006
840.000	4.000	0.000	0.004
850.000	4.000	0.000	0.002
860.000	4.000	0.000	0.006
870.000	4.000	0.000	0.003
880.000	4.000	0.000	0.004
890.000	4.000	0.000	0.007
900.000	4.000	0.000	0.006
910.000	4.000	0.000	0.003
920.000	4.000	0.000	0.004
930.000	4.000	0.000	0.007
940.000	4.000	0.000	0.003
950.000	4.000	0.000	0.004
960.000	4.000	0.000	0.006
970.000	4.000	0.000	0.003
980.000	4.000	0.000	0.004
990.000	4.000	0.000	0.004
1000.000	4.000	0.000	0.004
1010.000	4.000	0.000	0.004
1020.000	4.000	0.000	0.004
1030.000	4.000	0.000	0.006
1040.000	4.000	0.000	0.015
1050.000	4.000	0.000	0.050
1060.000	4.000	0.000	0.083
1070.000	4.000	-0.073	0.103
1080.000	4.000	-0.073	0.120
1090.000	4.000	-0.073	0.133
1100.000	4.000	-0.146	0.139
1110.000	4.000	-0.146	0.144
1120.000	4.000	-0.220	0.153
1130.000	4.000	-0.220	0.153
1140.000	4.000	-0.293	0.156
1150.000	4.000	-0.366	0.158
1160.000	4.000	-0.366	0.158
1170.000	4.000	-0.439	0.157
1180.000	4.000	-0.513	0.159
1190.000	4.000	-0.513	0.159
1200.000	4.000	-0.439	0.161
1210.000	4.000	-0.513	0.159
1220.000	4.000	-0.513	0.159
1230.000	4.000	-0.586	0.161
1240.000	4.000	-0.659	0.161
1250.000	4.000	-0.659	0.161
1260.000	4.000	-0.659	0.161
1270.000	4.000	-0.659	0.161
1280.000	4.000	-0.659	0.161
1290.000	4.000	-0.732	0.161
1300.000	4.000	-0.806	0.161
1310.000	4.000	-0.806	0.161
1320.000	4.000	-0.879	0.159
1330.000	4.000	-1.025	0.161
1340.000	4.000	-1.025	0.161
1350.000	4.000	-1.099	0.162
1360.000	4.000	-1.245	0.161
1370.000	4.000	-1.245	0.161
1380.000	4.000	-1.245	0.162
1390.000	4.000	-1.245	0.159
1400.000	4.000	-1.245	0.159
1410.000	4.000	-1.318	0.161
1420.000	4.000	-1.172	0.159
1430.000	4.000	-1.172	0.159
1440.000	4.000	-1.172	0.161
1450.000	4.000	-1.025	0.161
1460.000	4.000	-1.025	0.161
1470.000	4.000	-1.025	0.162
1480.000	4.000	-1.025	0.161
1490.000	4.000	-1.025	0.161
1500.000	4.000	-1.099	0.161
1510.000	4.000	-1.099	0.162
1520.000	4.000	-1.099	0.162
1530.000	4.000	-1.172	0.163
1540.000	4.000	-1.245	0.161
1550.000	4.000	-1.245	0.161
1560.000	4.000	-1.318	0.161
1570.000	4.000	-1.318	0.162
1580.000	4.000	-1.318	0.162
1590.000	4.000	-1.245	0.162
1600.000	4.000	-1.172	0.161
1610.000	4.000	-1.172	0.161
1620.000	4.000	-1.099	0.161
1630.000	4.000	-1.025	0.158
1640.000	4.000	-0.952	0.161
1650.000	4.000	-0.879	0.161
1660.000	4.000	-0.806	0.162
1670.000	4.000	-0.806	0.162
1680.000	4.000	-0.732	0.159
1690.000	4.000	-0.659	0.159
1700.000	4.000	-0.659	0.159
1710.000	4.000	-0.659	0.162
1720.000	4.000	-0.586	0.162
1730.000	4.000	-0.586	0.161
1740.000	4.000	-0.586	0.162
1750.000	4.000	-0.513	0.159
1760.000	4.000	-0.506	0.162
1770.000	4.000	-0.433	0.159
1780.000	4.000	-0.433	0.162
1790.000	4.000	-0.433	0.159
1800.000	4.000	-0.360	0.158
1810.000	4.000	-0.360	0.162
1820.000	4.000	-0.360	0.159
1830.000	4.000	-0.286	0.161
1840.000	4.000	-0.213	0.161
1850.000	4.000	-0.280	0.161
1860.000	4.000	-0.213	0.162
1870.000	4.000	-0.213	0.158
1880.000	4.000	-0.140	0.159
1890.000	4.000	-0.140	0.161
1900.000	4.000	-0.140	0.162
1910.000	4.000	-0.067	0.162
1920.000	4.000	-0.067	0.159
1930.000	4.000	0.007	0.159
1940.000	4.000	0.007	0.159
1950.000	4.000	0.073	0.161
1960.000	4.000	0.073	0.162
1970.000	4.000	0.146	0.162
1980.000	4.000	0.146	0.161
1990.000	4.000	0.146	0.161
2000.000	4.000	0.146	0.159
2010.000	4.000	0.220	0.161
2020.000	4.000	0.220	0.159
2030.000	4.000	0.146	0.159
2040.000	4.000	0.146	0.161
2050.000	4.000	0.220	0.161
2060.000	4.000	0.220	0.159
2070.000	4.000	0.146	0.159
2080.000	4.000	0.146	0.158
2090.000	4.000	0.220	0.161
2100.000	4.000	0.220	0.161
2110.000	4.000	0.146	0.161
2120.000	4.000	0.146	0.161
2130.000	4.000	0.146	0.161
2140.000	4.000	0.220	0.159
2150.000	4.000	0.146	0.162
2160.000	4.000	0.146	0.161
2170.000	4.000	0.146	0.159
2180.000	4.000	0.146	0.158
2190.000	4.000	0.073	0.162
2200.000	4.000	0.073	0.162
2210.000	4.000	0.073	0.159
2220.000	4.000	0.073	0.161
2230.000	4.000	0.073	0.161
2240.000	4.000	0.000	0.158
2250.000	4.000	0.000	0.159
2260.000	4.000	0.000	0.159
2270.000	4.000	0.000	0.161
2280.000	4.000	0.000	0.161
2290.000	4.000	0.000	0.159
2300.000	4.000	0.000	0.158
2310.000	4.000	-0.073	0.161
2320.000	4.000	-0.073	0.162
2330.000	4.000	-0.073	0.161
2340.000	4.000	-0.073	0.159
2350.000	4.000	-0.073	0.162
2360.000	4.000	-0.146	0.162
2370.000	4.000	-0.146	0.159
2380.000	4.000	-0.146	0.162
2390.000	4.000	-0.146	0.159
2400.000	4.000	-0.146	0.159
2410.000	4.000	-0.073	0.161
2420.000	4.000	-0.146	0.158
2430.000	4.000	-0.146	0.158
2440.000	4.000	-0.146	0.161
2450.000	4.000	-0.146	0.161
2460.000	4.000	-0.073	0.161
2470.000	4.000	-0.073	0.159
2480.000	4.000	-0.146	0.159
2490.000	4.000	-0.146	0.159
2500.000	4.000	-0.146	0.161
2510.000	4.000	-0.146	0.159
2520.000	4.000	-0.073	0.163
2530.000	4.000	-0.073	0.162
2540.000	4.000	-0.073	0.159
2550.000	4.000	-0.073	0.159
2560.000	4.000	-0.073	0.161
2570.000	4.000	-0.073	0.159
2580.000	4.000	0.000	0.161
2590.000	4.000	0.000	0.161
2600.000	4.000	0.000	0.158
2610.000	4.000	0.000	0.161
2620.000	4.000	0.000	0.162
2630.000	4.000	0.000	0.159
2640.000	4.000	0.000	0.159
2650.000	4.000	0.000	0.159
2660.000	4.000	0.000	0.158
2670.000	4.000	0.000	0.162
2680.000	4.000	0.000	0.159
2690.000	4.000	0.000	0.159
2700.000	4.000	0.000	0.161
2710.000	4.000	0.000	0.162
2720.000	4.000	0.000	0.158
2730.000	4.000	0.000	0.161
2740.000	4.000	0.000	0.159
2750.000	4.000	0.000	0.159
2760.000	4.000	0.000	0.161
2770.000	4.000	0.000	0.161
2780.000	4.000	0.000	0.159
2790.000	4.000	0.000	0.162
2800.000	4.000	0.000	0.161
2810.000	4.000	0.000	0.162
2820.000	4.000	0.000	0.162
2830.000	4.000	0.000	0.161
2840.000	4.000	0.000	0.161
2850.000	4.000	0.000	0.161
2860.000	4.000	0.000	0.161
2870.000	4.000	0.000	0.161
2880.000	4.000	0.000	0.159
2890.000	4.000	0.000	0.161
2900.000	4.000	0.000	0.159
2910.000	4.000	0.000	0.161
2920.000	4.000	0.000	0.159
2930.000	4.000	0.000	0.162
2940.000	4.000	0.000	0.161
2950.000	4.000	0.000	0.162
2960.000	4.000	0.000	0.162
2970.000	4.000	0.000	0.159
2980.000	4.000	0.000	0.162
2990.000	4.000	0.000	0.159
3000.000	4.000	0.000	0.159
3010.000	4.000	0.000	0.162
3020.000	4.000	0.000	0.159
3030.000	4.000	0.000	0.161
3040.000	4.000	0.000	0.161
3050.000	4.000	0.000	0.162
3060.000	4.000	0.000	0.159
3070.000	4.000	0.000	0.161
3080.000	4.000	0.000	0.161
3090.000	4.000	0.000	0.162
3100.000	4.000	0.000	0.163
3110.000	4.000	0.000	0.162
3120.000	4.000	0.000	0.161
3130.000	4.000	0.000	0.161
3140.000	4.000	0.000	0.161
3150.000	4.000	0.000	0.161
3160.000	4.000	0.000	0.162
3170.000	4.000	0.000	0.161
3180.000	4.000	0.000	0.159
3190.000	4.000	0.000	0.162
3200.000	4.000	0.000	0.159
3210.000	4.000	0.000	0.159
3220.000	4.000	0.000	0.158
3230.000	4.000	0.000	0.159
3240.000	4.000	0.000	0.161
3250.000	4.000	0.000	0.162
3260.000	4.000	0.000	0.162
3270.000	4.000	0.000	0.162
3280.000	4.000	0.000	0.161
3290.000	4.000	0.000	0.162
3300.000	4.000	0.000	0.159
3310.000	4.000	0.000	0.161
3320.000	4.000	0.000	0.162
3330.000	4.000	0.000	0.161
3340.000	4.000	0.000	0.159
3350.000	4.000	0.000	0.161
3360.000	4.000	0.000	0.159
3370.000	4.000	0.000	0.161
3380.000	4.000	0.000	0.161
3390.000	4.000	0.000	0.161
3400.000	4.000	0.000	0.161
3410.000	4.000	0.000	0.161
3420.000	4.000	0.000	0.159
3430.000	4.000	0.000	0.161
3440.000	4.000	0.000	0.161
3450.000	4.000	0.000	0.161
3460.000	4.000	0.000	0.161
3470.000	4.000	0.000	0.161
3480.000	4.000	0.000	0.159
3490.000	4.000	0.000	0.161
3500.000	4.000	0.000	0.161
3510.000	4.000	0.000	0.159
3520.000	4.000	0.000	0.161
3530.000	4.000	0.000	0.161
3540.000	4.000	0.000	0.162
3550.000	4.000	-0.073	0.161
3560.000	4.000	-0.073	0.161
3570.000	4.000	-0.073	0.159
3580.000	4.000	-0.073	0.161
3590.000	4.000	-0.073	0.159
3600.000	4.000	-0.073	0.161
3610.000	4.000	-0.073	0.162
3620.000	4.000	-0.073	0.161
3630.000	4.000	-0.073	0.161
3640.000	4.000	-0.073	0.161
3650.000	4.000	0.000	0.161
3660.000	4.000	0.000	0.161
3670.000	4.000	0.000	0.161
3680.000	4.000	0.000	0.161
3690.000	4.000	0.000	0.159
3700.000	4.000	0.000	0.162
3710.000	4.000	0.000	0.161
3720.000	4.000	0.000	0.162
3730.000	4.000	0.000	0.161
3740.000	4.000	0.000	0.162
3750.000	4.000	0.000	0.161
3760.000	4.000	0.000	0.162
3770.000	4.000	0.000	0.161
3780.000	4.000	0.000	0.162
3790.000	4.000	0.000	0.158
3800.000	4.000	0.000	0.159
3810.000	4.000	0.000	0.162
3820.000	4.000	0.000	0.161
3830.000	4.000	0.000	0.161
3840.000	4.000	0.000	0.162
3850.000	4.000	0.000	0.159
3860.000	4.000	0.000	0.161
3870.000	4.000	0.000	0.162
3880.000	4.000	0.000	0.159
3890.000	4.000	0.000	0.162
3900.000	4.000	0.000	0.161
3910.000	4.000	0.000	0.161
3920.000	4.000	0.000	0.159
3930.000	4.000	0.000	0.163
3940.000	4.000	0.000	0.159
3950.000	4.000	0.000	0.161
3960.000	4.000	0.000	0.161
3970.000	4.000	0.000	0.161
3980.000	4.000	0.000	0.161
3990.000	4.000	0.000	0.161
4000.000	4.000	0.000	0.159
4010.000	4.000	0.000	0.162
4020.000	4.000	0.000	0.162
4030.000	4.000	0.000	0.162
4040.000	4.000	0.000	0.159
4050.000	4.000	0.000	0.161
4060.000	4.000	0.000	0.161
4070.000	4.000	0.000	0.159
4080.000	4.000	0.000	0.161
4090.000	4.000	0.000	0.161
4100.000	4.000	0.000	0.161
4110.000	4.000	0.000	0.159
4120.000	4.000	0.000	0.159
4130.000	4.000	0.000	0.159
4140.000	4.000	0.000	0.159
4150.000	4.000	0.000	0.161
4160.000	4.000	0.000	0.159
4170.000	4.000	0.000	0.159
4180.000	4.000	0.000	0.161
4190.000	4.000	-0.067	0.159
4200.000	4.000	-0.067	0.161
4210.000	4.000	-0.067	0.159
4220.000	4.000	-0.067	0.158
4230.000	4.000	-0.067	0.161
4240.000	4.000	-0.067	0.161
4250.000	4.000	-0.067	0.161
4260.000	4.000	-0.067	0.158
4270.000	4.000	-0.067	0.161
4280.000	4.000	-0.067	0.161
4290.000	4.000	0.000	0.158
4300.000	4.000	0.000	0.161
4310.000	4.000	0.000	0.162
4320.000	4.000	0.000	0.161
4330.000	4.000	0.000	0.162
4340.000	4.000	0.000	0.161
4350.000	4.000	0.000	0.162
4360.000	4.000	0.000	0.158
4370.000	4.000	0.000	0.162
4380.000	4.000	0.000	0.159
4390.000	4.000	0.000	0.161
4400.000	4.000	0.000	0.161
4410.000	4.000	0.000	0.162
4420.000	4.000	0.000	0.161
4430.000	4.000	0.000	0.161
4440.000	4.000	0.000	0.159
4450.000	4.000	0.000	0.162
4460.000	4.000	0.000	0.161
4470.000	4.000	0.000	0.161
4480.000	4.000	0.000	0.159
4490.000	4.000	0.000	0.159
4500.000	4.000	0.000	0.161
4510.000	4.000	0.000	0.159
4520.000	4.000	0.000	0.159
4530.000	4.000	0.000	0.159
4540.000	4.000	0.000	0.161
4550.000	4.000	0.000	0.159
4560.000	4.000	0.000	0.159
4570.000	4.000	0.000	0.159
4580.000	4.000	0.000	0.159
4590.000	4.000	0.000	0.161
4600.000	4.000	0.000	0.162
4610.000	4.000	0.000	0.162
4620.000	4.000	0.000	0.159
4630.000	4.000	0.000	0.159
4640.000	4.000	0.000	0.159
4650.000	4.000	0.000	0.161
4660.000	4.000	0.000	0.161
4670.000	4.000	0.000	0.159
4680.000	4.000	0.000	0.159
4690.000	4.000	0.000	0.159
4700.000	4.000	0.000	0.161
4710.000	4.000	0.000	0.159
4720.000	4.000	0.000	0.161
4730.000	4.000	0.000	0.161
4740.000	4.000	0.000	0.159
4750.000	4.000	0.000	0.159
4760.000	4.000	0.000	0.159
4770.000	4.000	0.000	0.161
4780.000	4.000	0.000	0.162
4790.000	4.000	0.000	0.162
4800.000	4.000	0.000	0.159
4810.000	4.000	0.000	0.161
4820.000	4.000	0.000	0.161
4830.000	4.000	0.000	0.162
4840.000	4.000	0.000	0.161
4850.000	4.000	0.000	0.159
4860.000	4.000	0.000	0.159
4870.000	4.000	0.000	0.162
4880.000	4.000	0.000	0.161
4890.000	4.000	0.000	0.158
4900.000	4.000	0.000	0.162
4910.000	4.000	0.000	0.159
4920.000	4.000	0.000	0.159
4930.000	4.000	0.000	0.159
4940.000	4.000	0.000	0.161
4950.000	4.000	0.000	0.159
4960.000	4.000	0.000	0.158
4970.000	4.000	0.000	0.161
4980.000	4.000	0.000	0.159
4990.000	4.000	0.000	0.161
5000.000	4.000	0.000	0.159
5010.000	4.000	0.000	0.161
5020.000	4.000	0.000	0.161
5030.000	4.000	0.000	0.159
5040.000	4.000	0.000	0.162
5050.000	4.000	0.000	0.159
5060.000	4.000	0.000	0.162
5070.000	4.000	0.000	0.159
5080.000	4.000	0.000	0.161
5090.000	4.000	0.000	0.161
5100.000	4.000	0.000	0.161
5110.000	4.000	0.000	0.161
5120.000	4.000	0.000	0.158
5130.000	4.000	0.000	0.161
5140.000	4.000	0.000	0.159
5150.000	4.000	0.000	0.159
5160.000	4.000	0.000	0.159
5170.000	4.000	-0.073	0.161
5180.000	4.000	-0.073	0.161
5190.000	4.000	-0.073	0.161
5200.000	4.000	-0.073	0.159
5210.000	4.000	-0.073	0.159
5220.000	4.000	-0.073	0.159
5230.000	4.000	-0.073	0.159
5240.000	4.000	-0.073	0.159
5250.000	4.000	-0.073	0.161
5260.000	4.000	-0.073	0.161
5270.000	4.000	-0.073	0.161
5280.000	4.000	0.000	0.161
5290.000	4.000	0.000	0.162
5300.000	4.000	0.000	0.162
5310.000	4.000	0.000	0.159
5320.000	4.000	0.000	0.159
5330.000	4.000	0.000	0.159
5340.000	4.000	0.000	0.159
5350.000	4.000	0.000	0.161
5360.000	4.000	0.000	0.161
5370.000	4.000	0.000	0.161
5380.000	4.000	0.000	0.161
5390.000	4.000	0.000	0.161
5400.000	4.000	0.000	0.159
5410.000	4.000	0.000	0.162
5420.000	4.000	0.000	0.162
5430.000	4.000	0.000	0.159
5440.000	4.000	0.000	0.161
5450.000	4.000	0.000	0.161
5460.000	4.000	0.000	0.159
5470.000	4.000	0.000	0.159
5480.000	4.000	0.000	0.159
5490.000	4.000	0.000	0.162
5500.000	4.000	0.000	0.159
5510.000	4.000	0.000	0.159
5520.000	4.000	0.000	0.158
5530.000	4.000	0.000	0.161
5540.000	4.000	0.000	0.161
5550.000	4.000	0.000	0.161
5560.000	4.000	0.000	0.161
5570.000	4.000	0.000	0.161
5580.000	4.000	0.000	0.161
5590.000	4.000	0.000	0.159
5600.000	4.000	0.000	0.159
5610.000	4.000	0.000	0.159
5620.000	4.000	0.000	0.161
5630.000	4.000	0.000	0.161
5640.000	4.000	0.000	0.159
5650.000	4.000	0.000	0.162
5660.000	4.000	0.000	0.162
5670.000	4.000	0.000	0.162
5680.000	4.000	0.000	0.159
5690.000	4.000	0.000	0.159
5700.000	4.000	0.000	0.159
5710.000	4.000	0.000	0.162
5720.000	4.000	0.000	0.162
5730.000	4.000	0.000	0.162
5740.000	4.000	0.000	0.159
5750.000	4.000	0.000	0.159
5760.000	4.000	0.000	0.162
5770.000	4.000	0.000	0.161
5780.000	4.000	0.000	0.161
5790.000	4.000	0.000	0.161
5800.000	4.000	0.000	0.159
5810.000	4.000	0.000	0.159
5820.000	4.000	0.000	0.158
5830.000	4.000	0.000	0.159
5840.000	4.000	0.000	0.158
5850.000	4.000	0.000	0.161
5860.000	4.000	0.000	0.158
5870.000	4.000	0.000	0.161
5880.000	4.000	0.000	0.162
5890.000	4.000	0.000	0.161
5900.000	4.000	0.000	0.159
5910.000	4.000	0.000	0.161
5920.000	4.000	0.000	0.162
5930.000	4.000	0.000	0.159
5940.000	4.000	0.000	0.162
5950.000	4.000	0.000	0.161
5960.000	4.000	0.000	0.159
5970.000	4.000	0.000	0.158
5980.000	4.000	0.000	0.161
5990.000	4.000	0.000	0.159
6000.000	4.000	0.000	0.161
6010.000	4.000	0.000	0.159
6020.000	4.000	0.000	0.162
6030.000	4.000	0.000	0.161
6040.000	4.000	0.000	0.158
6050.000	4.000	0.000	0.131
6060.000	4.000	0.000	0.100
6070.000	4.000	0.000	0.076
6080.000	4.000	0.000	0.054
6090.000	4.000	0.000	0.043
6100.000	4.000	0.000	0.035
6110.000	4.000	0.067	0.029
6120.000	4.000	0.148	0.023
6130.000	4.000	0.148	0.014
6140.000	4.000	0.215	0.013
6150.000	4.000	0.215	0.008
6160.000	4.000	0.288	0.010
6170.000	4.000	0.288	0.009
6180.000	4.000	0.369	0.008
6190.000	4.000	0.442	0.007
6200.000	4.000	0.509	0.008
6210.000	4.000	0.442	0.007
6220.000	4.000	0.434	0.006
6230.000	4.000	0.501	0.008
6240.000	4.000	0.516	0.007
6250.000	4.000	0.589	0.004
6260.000	4.000	0.582	0.004
6270.000	4.000	0.664	0.004
6280.000	4.000	0.655	0.007
6290.000	4.000	0.649	0.007
6300.000	4.000	0.664	0.007
6310.000	4.000	0.737	0.007
6320.000	4.000	0.810	0.006
6330.000	4.000	0.817	0.004
6340.000	4.000	0.882	0.004
6350.000	4.000	0.942	0.004
6360.000	4.000	1.038	0.004
6370.000	4.000	1.103	0.006
6380.000	4.000	1.250	0.006
6390.000	4.000	1.256	0.004
6400.000	4.000	1.321	0.002
6410.000	4.000	1.381	0.002
6420.000	4.000	1.316	0.002
6430.000	4.000	1.389	0.007
6440.000	4.000	1.389	0.003
6450.000	4.000	1.403	0.006
6460.000	4.000	1.313	0.003
6470.000	4.000	1.313	0.006
6480.000	4.000	1.240	0.007
6490.000	4.000	1.240	0.003
6500.000	4.000	1.313	0.003
6510.000	4.000	1.326	0.007
6520.000	4.000	1.392	0.008
6530.000	4.000	1.465	0.006
6540.000	4.000	1.538	0.002
6550.000	4.000	1.538	0.003
6560.000	4.000	1.611	0.007
6570.000	4.000	1.611	0.003
6580.000	4.000	1.611	0.004
6590.000	4.000	1.611	0.004
6600.000	4.000	1.465	0.002
6610.000	4.000	1.392	0.004
6620.000	4.000	1.392	0.004
6630.000	4.000	1.318	0.002
6640.000	4.000	1.172	0.004
6650.000	4.000	1.172	0.004
6660.000	4.000	1.172	0.006
6670.000	4.000	1.318	0.004
6680.000	4.000	1.318	0.004
6690.000	4.000	1.318	0.007
6700.000	4.000	1.465	0.006
6710.000	4.000	1.465	0.006
6720.000	4.000	1.538	0.004
6730.000	4.000	1.538	0.006
6740.000	4.000	1.538	0.006
6750.000	4.000	1.611	0.003
6760.000	4.000	1.538	0.007
6770.000	4.000	1.538	0.007
6780.000	4.000	1.392	0.003
6790.000	4.000	1.172	0.007
6800.000	4.000	1.172	0.007
6810.000	4.000	1.172	0.004
6820.000	4.000	0.952	0.003
6830.000	4.000	0.952	0.003
6840.000	4.000	0.952	0.002
6850.000	4.000	0.952	0.003
6860.000	4.000	0.952	0.003
6870.000	4.000	0.879	0.003
6880.000	4.000	0.952	0.001
6890.000	4.000	0.952	0.001
6900.000	4.000	0.952	0.004
6910.000	4.000	0.879	0.006
6920.000	4.000	0.879	0.006
6930.000	4.000	0.879	0.006
6940.000	4.000	0.879	0.004
6950.000	4.000	0.806	0.006
6960.000	4.000	0.806	0.006
6970.000	4.000	0.732	0.004
6980.000	4.000	0.732	0.004
6990.000	4.000	0.586	0.006
7000.000	4.000	0.586	0.002
7010.000	4.000	0.513	0.006
7020.000	4.000	0.513	0.004
