%Time [ms]	Commanded Torque [mNm]	Angular Velocity [RPM]	Actual Current [Amp]	%9/23/20259:34 AM
0.000	0.000	0.000	0.000
20.000	20.000	76.172	0.013
30.000	20.000	76.172	0.013
40.000	20.000	76.172	0.013
50.000	20.000	78.125	0.010
60.000	20.000	78.125	0.010
70.000	20.000	78.125	0.010
80.000	20.000	70.312	0.003
90.000	20.000	70.312	0.003
100.000	20.000	70.312	0.003
110.000	20.000	64.453	0.036
120.000	20.000	64.453	0.036
130.000	20.000	64.453	0.036
140.000	20.000	76.172	0.023
150.000	20.000	76.172	0.023
160.000	20.000	76.172	0.023
170.000	20.000	60.547	0.008
180.000	20.000	60.547	0.008
190.000	20.000	60.547	0.008
200.000	20.000	39.062	0.016
210.000	20.000	39.062	0.016
220.000	20.000	39.062	0.016
230.000	20.000	52.734	0.040
240.000	20.000	52.734	0.040
250.000	20.000	52.734	0.040
260.000	20.000	60.547	0.030
270.000	20.000	60.547	0.030
280.000	20.000	60.547	0.030
290.000	20.000	62.500	0.034
300.000	20.000	62.500	0.034
310.000	20.000	62.500	0.034
320.000	20.000	62.500	0.027
330.000	20.000	62.500	0.027
340.000	20.000	62.500	0.027
350.000	20.000	70.312	0.029
360.000	20.000	70.312	0.029
370.000	20.000	70.312	0.029
380.000	20.000	82.031	0.010
390.000	20.000	82.031	0.010
400.000	20.000	82.031	0.010
410.000	20.000	83.984	0.034
420.000	20.000	83.984	0.034
430.000	20.000	83.984	0.034
440.000	20.000	83.984	0.028
450.000	20.000	83.984	0.028
460.000	20.000	83.984	0.028
470.000	20.000	89.844	0.018
480.000	20.000	89.844	0.018
490.000	20.000	89.844	0.018
500.000	20.000	76.172	0.035
510.000	20.000	76.172	0.035
520.000	20.000	76.172	0.035
530.000	20.000	68.359	0.022
540.000	20.000	68.359	0.022
550.000	20.000	68.359	0.022
560.000	20.000	93.750	0.033
570.000	20.000	93.750	0.033
580.000	20.000	93.750	0.033
590.000	20.000	52.734	0.028
600.000	20.000	52.734	0.028
610.000	20.000	52.734	0.028
620.000	20.000	91.797	0.037
630.000	20.000	91.797	0.037
640.000	20.000	91.797	0.037
650.000	20.000	87.891	0.033
660.000	20.000	87.891	0.033
670.000	20.000	87.891	0.033
680.000	20.000	91.797	0.012
690.000	20.000	91.797	0.012
700.000	20.000	91.797	0.012
710.000	20.000	52.734	0.040
720.000	20.000	52.734	0.040
730.000	20.000	52.734	0.040
740.000	20.000	62.500	0.027
750.000	20.000	62.500	0.027
760.000	20.000	62.500	0.027
770.000	20.000	70.312	0.033
780.000	20.000	70.312	0.033
790.000	20.000	70.312	0.033
800.000	20.000	70.312	0.030
810.000	20.000	70.312	0.030
820.000	20.000	70.312	0.030
830.000	20.000	68.359	0.018
840.000	20.000	68.359	0.018
850.000	20.000	68.359	0.018
860.000	20.000	48.828	0.011
870.000	20.000	48.828	0.011
880.000	20.000	48.828	0.011
890.000	20.000	70.312	0.028
900.000	20.000	70.312	0.028
910.000	20.000	70.312	0.028
920.000	20.000	52.734	0.045
930.000	20.000	52.734	0.045
940.000	20.000	52.734	0.045
950.000	20.000	60.547	0.027
960.000	20.000	60.547	0.027
970.000	20.000	60.547	0.027
980.000	20.000	42.969	0.016
990.000	20.000	42.969	0.016
1000.000	20.000	42.969	0.016
1010.000	20.000	56.641	0.033
1020.000	20.000	56.641	0.033
1030.000	20.000	56.641	0.033
1040.000	20.000	74.219	0.016
1050.000	20.000	74.219	0.016
1060.000	20.000	74.219	0.016
1070.000	20.000	35.156	0.022
1080.000	20.000	35.156	0.022
1090.000	20.000	35.156	0.022
1100.000	20.000	68.359	0.350
1110.000	20.000	68.359	0.350
1120.000	20.000	68.359	0.350
1130.000	20.000	44.922	0.515
1140.000	20.000	44.922	0.515
1150.000	20.000	44.922	0.515
1160.000	20.000	154.297	0.592
1170.000	20.000	154.297	0.592
1180.000	20.000	154.297	0.592
1190.000	20.000	246.094	0.604
1200.000	20.000	246.094	0.604
1210.000	20.000	246.094	0.604
1220.000	20.000	230.469	0.620
1230.000	20.000	230.469	0.620
1240.000	20.000	230.469	0.620
1250.000	20.000	291.016	0.632
1260.000	20.000	291.016	0.632
1270.000	20.000	291.016	0.632
1280.000	20.000	359.375	0.632
1290.000	20.000	359.375	0.632
1300.000	20.000	359.375	0.632
1310.000	20.000	396.484	0.634
1320.000	20.000	396.484	0.634
1330.000	20.000	396.484	0.634
1340.000	20.000	445.312	0.632
1350.000	20.000	445.312	0.632
1360.000	20.000	445.312	0.632
1370.000	20.000	486.328	0.641
1380.000	20.000	486.328	0.641
1390.000	20.000	486.328	0.641
1400.000	20.000	507.812	0.640
1410.000	20.000	507.812	0.640
1420.000	20.000	507.812	0.640
1430.000	20.000	597.656	0.636
1440.000	20.000	597.656	0.636
1450.000	20.000	597.656	0.636
1460.000	20.000	675.781	0.616
1470.000	20.000	675.781	0.616
1480.000	20.000	675.781	0.616
1490.000	20.000	697.266	0.621
1500.000	20.000	697.266	0.621
1510.000	20.000	697.266	0.621
1520.000	20.000	736.328	0.631
1530.000	20.000	736.328	0.631
1540.000	20.000	736.328	0.631
1550.000	20.000	794.922	0.632
1560.000	20.000	794.922	0.632
1570.000	20.000	794.922	0.632
1580.000	20.000	826.172	0.629
1590.000	20.000	826.172	0.629
1600.000	20.000	826.172	0.629
1610.000	20.000	878.906	0.626
1620.000	20.000	878.906	0.626
1630.000	20.000	878.906	0.626
1640.000	20.000	917.969	0.633
1650.000	20.000	917.969	0.633
1660.000	20.000	917.969	0.633
1670.000	20.000	953.125	0.616
1680.000	20.000	953.125	0.616
1690.000	20.000	953.125	0.616
1700.000	20.000	1005.859	0.634
1710.000	20.000	1005.859	0.634
1720.000	20.000	1005.859	0.634
1730.000	20.000	1066.406	0.645
1740.000	20.000	1066.406	0.645
1750.000	20.000	1066.406	0.645
1760.000	20.000	1113.281	0.617
1770.000	20.000	1113.281	0.617
1780.000	20.000	1113.281	0.617
1790.000	20.000	1162.109	0.626
1800.000	20.000	1162.109	0.626
1810.000	20.000	1162.109	0.626
1820.000	20.000	1160.156	0.631
1830.000	20.000	1160.156	0.631
1840.000	20.000	1160.156	0.631
1850.000	20.000	1230.469	0.633
1860.000	20.000	1230.469	0.633
1870.000	20.000	1230.469	0.633
1880.000	20.000	1300.781	0.646
1890.000	20.000	1300.781	0.646
1900.000	20.000	1300.781	0.646
1910.000	20.000	1298.828	0.642
1920.000	20.000	1298.828	0.642
1930.000	20.000	1298.828	0.642
1940.000	20.000	1347.656	0.660
1950.000	20.000	1347.656	0.660
1960.000	20.000	1347.656	0.660
1970.000	20.000	1425.781	0.671
1980.000	20.000	1425.781	0.671
1990.000	20.000	1425.781	0.671
2000.000	20.000	1455.078	0.644
2010.000	20.000	1455.078	0.644
2020.000	20.000	1455.078	0.644
2030.000	20.000	1507.812	0.623
2040.000	20.000	1507.812	0.623
2050.000	20.000	1507.812	0.623
2060.000	20.000	1568.359	0.638
2070.000	20.000	1568.359	0.638
2080.000	20.000	1568.359	0.638
2090.000	20.000	1599.609	0.631
2100.000	20.000	1599.609	0.631
2110.000	20.000	1599.609	0.631
2120.000	20.000	1636.719	0.622
2130.000	20.000	1636.719	0.622
2140.000	20.000	1636.719	0.622
2150.000	20.000	1685.547	0.652
2160.000	20.000	1685.547	0.652
2170.000	20.000	1685.547	0.652
2180.000	20.000	1730.469	0.640
2190.000	20.000	1730.469	0.640
2200.000	20.000	1730.469	0.640
2210.000	20.000	1767.578	0.632
2220.000	20.000	1767.578	0.632
2230.000	20.000	1767.578	0.632
2240.000	20.000	1830.078	0.648
2250.000	20.000	1830.078	0.648
2260.000	20.000	1830.078	0.648
2270.000	20.000	1847.656	0.626
2280.000	20.000	1847.656	0.626
2290.000	20.000	1847.656	0.626
2300.000	20.000	1890.625	0.650
2310.000	20.000	1890.625	0.650
2320.000	20.000	1890.625	0.650
2330.000	20.000	1968.750	0.647
2340.000	20.000	1968.750	0.647
2350.000	20.000	1968.750	0.647
2360.000	20.000	1968.750	0.611
2370.000	20.000	1968.750	0.611
2380.000	20.000	1968.750	0.611
2390.000	20.000	2052.734	0.643
2400.000	20.000	2052.734	0.643
2410.000	20.000	2052.734	0.643
2420.000	20.000	2072.266	0.610
2430.000	20.000	2072.266	0.610
2440.000	20.000	2072.266	0.610
2450.000	20.000	2148.437	0.650
2460.000	20.000	2148.437	0.650
2470.000	20.000	2148.437	0.650
2480.000	20.000	2166.016	0.649
2490.000	20.000	2166.016	0.649
2500.000	20.000	2166.016	0.649
2510.000	20.000	2185.547	0.641
2520.000	20.000	2185.547	0.641
2530.000	20.000	2185.547	0.641
2540.000	20.000	2232.422	0.638
2550.000	20.000	2232.422	0.638
2560.000	20.000	2232.422	0.638
2570.000	20.000	2279.297	0.633
2580.000	20.000	2279.297	0.633
2590.000	20.000	2279.297	0.633
2600.000	20.000	2359.375	0.639
2610.000	20.000	2359.375	0.639
2620.000	20.000	2359.375	0.639
2630.000	20.000	2353.516	0.633
2640.000	20.000	2353.516	0.633
2650.000	20.000	2353.516	0.633
2660.000	20.000	2449.219	0.628
2670.000	20.000	2449.219	0.628
2680.000	20.000	2449.219	0.628
2690.000	20.000	2427.734	0.631
2700.000	20.000	2427.734	0.631
2710.000	20.000	2427.734	0.631
2720.000	20.000	2515.625	0.639
2730.000	20.000	2515.625	0.639
2740.000	20.000	2515.625	0.639
2750.000	20.000	2562.500	0.667
2760.000	20.000	2562.500	0.667
2770.000	20.000	2562.500	0.667
2780.000	20.000	2585.937	0.613
2790.000	20.000	2585.937	0.613
2800.000	20.000	2585.937	0.613
2810.000	20.000	2625.000	0.642
2820.000	20.000	2625.000	0.642
2830.000	20.000	2625.000	0.642
2840.000	20.000	2644.531	0.642
2850.000	20.000	2644.531	0.642
2860.000	20.000	2644.531	0.642
2870.000	20.000	2703.125	0.636
2880.000	20.000	2703.125	0.636
2890.000	20.000	2703.125	0.636
2900.000	20.000	2751.953	0.632
2910.000	20.000	2751.953	0.632
2920.000	20.000	2751.953	0.632
2930.000	20.000	2759.766	0.616
2940.000	20.000	2759.766	0.616
2950.000	20.000	2759.766	0.616
2960.000	20.000	2839.844	0.636
2970.000	20.000	2839.844	0.636
2980.000	20.000	2839.844	0.636
2990.000	20.000	2847.656	0.626
3000.000	20.000	2847.656	0.626
3010.000	20.000	2847.656	0.626
3020.000	20.000	2914.062	0.628
3030.000	20.000	2914.062	0.628
3040.000	20.000	2914.062	0.628
3050.000	20.000	2949.219	0.619
3060.000	20.000	2949.219	0.619
3070.000	20.000	2949.219	0.619
3080.000	20.000	2992.187	0.634
3090.000	20.000	2992.187	0.634
3100.000	20.000	2992.187	0.634
3110.000	20.000	3011.719	0.623
3120.000	20.000	3011.719	0.623
3130.000	20.000	3011.719	0.623
3140.000	20.000	3078.125	0.631
3150.000	20.000	3078.125	0.631
3160.000	20.000	3078.125	0.631
3170.000	20.000	3103.516	0.646
3180.000	20.000	3103.516	0.646
3190.000	20.000	3103.516	0.646
3200.000	20.000	3136.719	0.645
3210.000	20.000	3136.719	0.645
3220.000	20.000	3136.719	0.645
3230.000	20.000	3201.172	0.653
3240.000	20.000	3201.172	0.653
3250.000	20.000	3201.172	0.653
3260.000	20.000	3251.953	0.641
3270.000	20.000	3251.953	0.641
3280.000	20.000	3251.953	0.641
3290.000	20.000	3263.672	0.636
3300.000	20.000	3263.672	0.636
3310.000	20.000	3263.672	0.636
3320.000	20.000	3324.219	0.634
3330.000	20.000	3324.219	0.634
3340.000	20.000	3324.219	0.634
3350.000	20.000	3343.750	0.615
3360.000	20.000	3343.750	0.615
3370.000	20.000	3343.750	0.615
3380.000	20.000	3437.500	0.634
3390.000	20.000	3437.500	0.634
3400.000	20.000	3437.500	0.634
3410.000	20.000	3414.062	0.622
3420.000	20.000	3414.062	0.622
3430.000	20.000	3414.062	0.622
3440.000	20.000	3408.203	0.628
3450.000	20.000	3408.203	0.628
3460.000	20.000	3408.203	0.628
3470.000	20.000	3527.344	0.628
3480.000	20.000	3527.344	0.628
3490.000	20.000	3527.344	0.628
3500.000	20.000	3552.734	0.636
3510.000	20.000	3552.734	0.636
3520.000	20.000	3552.734	0.636
3530.000	20.000	3583.984	0.609
3540.000	20.000	3583.984	0.609
3550.000	20.000	3583.984	0.609
3560.000	20.000	3587.891	0.596
3570.000	20.000	3587.891	0.596
3580.000	20.000	3587.891	0.596
3590.000	20.000	3656.250	0.642
3600.000	20.000	3656.250	0.642
3610.000	20.000	3656.250	0.642
3620.000	20.000	3724.609	0.636
3630.000	20.000	3724.609	0.636
3640.000	20.000	3724.609	0.636
3650.000	20.000	3707.031	0.626
3660.000	20.000	3707.031	0.626
3670.000	20.000	3707.031	0.626
3680.000	20.000	3791.016	0.620
3690.000	20.000	3791.016	0.620
3700.000	20.000	3791.016	0.620
3710.000	20.000	3783.203	0.635
3720.000	20.000	3783.203	0.635
3730.000	20.000	3783.203	0.635
3740.000	20.000	3878.906	0.641
3750.000	20.000	3878.906	0.641
3760.000	20.000	3878.906	0.641
3770.000	20.000	3880.859	0.629
3780.000	20.000	3880.859	0.629
3790.000	20.000	3880.859	0.629
3800.000	20.000	3943.359	0.617
3810.000	20.000	3943.359	0.617
3820.000	20.000	3943.359	0.617
3830.000	20.000	3984.375	0.648
3840.000	20.000	3984.375	0.648
3850.000	20.000	3984.375	0.648
3860.000	20.000	3998.047	0.627
3870.000	20.000	3998.047	0.627
3880.000	20.000	3998.047	0.627
3890.000	20.000	3998.047	0.624
3900.000	20.000	3998.047	0.624
3910.000	20.000	3998.047	0.624
3920.000	20.000	3998.047	0.605
3930.000	20.000	3998.047	0.605
3940.000	20.000	3998.047	0.605
3950.000	20.000	3998.047	0.624
3960.000	20.000	3998.047	0.624
3970.000	20.000	3998.047	0.624
3980.000	20.000	3998.047	0.617
3990.000	20.000	3998.047	0.617
4000.000	20.000	3998.047	0.617
4010.000	20.000	3998.047	0.632
4020.000	20.000	3998.047	0.632
4030.000	20.000	3998.047	0.632
4040.000	20.000	3998.047	0.618
4050.000	20.000	3998.047	0.618
4060.000	20.000	3998.047	0.618
4070.000	20.000	3998.047	0.439
4080.000	20.000	3998.047	0.439
4090.000	20.000	3998.047	0.439
4100.000	20.000	3998.047	0.232
4110.000	20.000	3998.047	0.232
4120.000	20.000	3998.047	0.232
4130.000	20.000	3998.047	0.068
4140.000	20.000	3998.047	0.068
4150.000	20.000	3998.047	0.068
4160.000	20.000	3998.047	-0.108
4170.000	20.000	3998.047	-0.108
4180.000	20.000	3998.047	-0.108
4190.000	20.000	3998.047	-0.255
4200.000	20.000	3998.047	-0.255
4210.000	20.000	3998.047	-0.255
4220.000	20.000	3998.047	-0.288
4230.000	20.000	3998.047	-0.288
4240.000	20.000	3998.047	-0.288
4250.000	20.000	3998.047	-0.212
4260.000	20.000	3998.047	-0.212
4270.000	20.000	3998.047	-0.212
4280.000	20.000	3998.047	-0.094
4290.000	20.000	3998.047	-0.094
4300.000	20.000	3998.047	-0.094
4310.000	20.000	3998.047	0.005
4320.000	20.000	3998.047	0.005
4330.000	20.000	3998.047	0.005
4340.000	20.000	3998.047	0.136
4350.000	20.000	3998.047	0.136
4360.000	20.000	3998.047	0.136
4370.000	20.000	3998.047	0.268
4380.000	20.000	3998.047	0.268
4390.000	20.000	3998.047	0.268
4400.000	20.000	3998.047	0.432
4410.000	20.000	3998.047	0.432
4420.000	20.000	3998.047	0.432
4430.000	20.000	3998.047	0.507
4440.000	20.000	3998.047	0.507
4450.000	20.000	3998.047	0.507
4460.000	20.000	3998.047	0.537
4470.000	20.000	3998.047	0.537
4480.000	20.000	3998.047	0.537
4490.000	20.000	3998.047	0.475
4500.000	20.000	3998.047	0.475
4510.000	20.000	3998.047	0.475
4520.000	20.000	3998.047	0.404
4530.000	20.000	3998.047	0.404
4540.000	20.000	3998.047	0.404
4550.000	20.000	3998.047	0.276
4560.000	20.000	3998.047	0.276
4570.000	20.000	3998.047	0.276
4580.000	20.000	3998.047	0.200
4590.000	20.000	3998.047	0.200
4600.000	20.000	3998.047	0.200
4610.000	20.000	3998.047	0.137
4620.000	20.000	3998.047	0.137
4630.000	20.000	3998.047	0.137
4640.000	20.000	3998.047	0.092
4650.000	20.000	3998.047	0.092
4660.000	20.000	3998.047	0.092
4670.000	20.000	3998.047	0.072
4680.000	20.000	3998.047	0.072
4690.000	20.000	3998.047	0.072
4700.000	20.000	3998.047	0.089
4710.000	20.000	3998.047	0.089
4720.000	20.000	3998.047	0.089
4730.000	20.000	3998.047	0.080
4740.000	20.000	3998.047	0.080
4750.000	20.000	3998.047	0.080
4760.000	20.000	3998.047	0.095
4770.000	20.000	3998.047	0.095
4780.000	20.000	3998.047	0.095
4790.000	20.000	3998.047	0.141
4800.000	20.000	3998.047	0.141
4810.000	20.000	3998.047	0.141
4820.000	20.000	3998.047	0.196
4830.000	20.000	3998.047	0.196
4840.000	20.000	3998.047	0.196
4850.000	20.000	3998.047	0.229
4860.000	20.000	3998.047	0.229
4870.000	20.000	3998.047	0.229
4880.000	20.000	3998.047	0.290
4890.000	20.000	3998.047	0.290
4900.000	20.000	3998.047	0.290
4910.000	20.000	3998.047	0.321
4920.000	20.000	3998.047	0.321
4930.000	20.000	3998.047	0.321
4940.000	20.000	3998.047	0.344
4950.000	20.000	3998.047	0.344
4960.000	20.000	3998.047	0.344
4970.000	20.000	3998.047	0.311
4980.000	20.000	3998.047	0.311
4990.000	20.000	3998.047	0.311
5000.000	20.000	3998.047	0.274
5010.000	20.000	3998.047	0.274
5020.000	20.000	3998.047	0.274
5030.000	20.000	3998.047	0.245
5040.000	20.000	3998.047	0.245
5050.000	20.000	3998.047	0.245
5060.000	20.000	3998.047	0.200
5070.000	20.000	3998.047	0.200
5080.000	20.000	3998.047	0.200
5090.000	20.000	3998.047	0.157
5100.000	20.000	3998.047	0.157
5110.000	20.000	3998.047	0.157
5120.000	20.000	3998.047	0.153
5130.000	20.000	3998.047	0.153
5140.000	20.000	3998.047	0.153
5150.000	20.000	3998.047	0.159
5160.000	20.000	3998.047	0.159
5170.000	20.000	3998.047	0.159
5180.000	20.000	3998.047	0.173
5190.000	20.000	3998.047	0.173
5200.000	20.000	3998.047	0.173
5210.000	20.000	3998.047	0.154
5220.000	20.000	3998.047	0.154
5230.000	20.000	3998.047	0.154
5240.000	20.000	3998.047	0.183
5250.000	20.000	3998.047	0.183
5260.000	20.000	3998.047	0.183
5270.000	20.000	3998.047	0.195
5280.000	20.000	3998.047	0.195
5290.000	20.000	3998.047	0.195
5300.000	20.000	3998.047	0.211
5310.000	20.000	3998.047	0.211
5320.000	20.000	3998.047	0.211
5330.000	20.000	3998.047	0.227
5340.000	20.000	3998.047	0.227
5350.000	20.000	3998.047	0.227
5360.000	20.000	3998.047	0.222
5370.000	20.000	3998.047	0.222
5380.000	20.000	3998.047	0.222
5390.000	20.000	3998.047	0.255
5400.000	20.000	3998.047	0.255
5410.000	20.000	3998.047	0.255
5420.000	20.000	3998.047	0.240
5430.000	20.000	3998.047	0.240
5440.000	20.000	3998.047	0.240
5450.000	20.000	3998.047	0.228
5460.000	20.000	3998.047	0.228
5470.000	20.000	3998.047	0.228
5480.000	20.000	3998.047	0.228
5490.000	20.000	3998.047	0.228
5500.000	20.000	3998.047	0.228
5510.000	20.000	3998.047	0.223
5520.000	20.000	3998.047	0.223
5530.000	20.000	3998.047	0.223
5540.000	20.000	3998.047	0.187
5550.000	20.000	3998.047	0.187
5560.000	20.000	3998.047	0.187
5570.000	20.000	3998.047	0.196
5580.000	20.000	3998.047	0.196
5590.000	20.000	3998.047	0.196
5600.000	20.000	3998.047	0.190
5610.000	20.000	3998.047	0.190
5620.000	20.000	3998.047	0.190
5630.000	20.000	3998.047	0.187
5640.000	20.000	3998.047	0.187
5650.000	20.000	3998.047	0.187
5660.000	20.000	3998.047	0.216
5670.000	20.000	3998.047	0.216
5680.000	20.000	3998.047	0.216
5690.000	20.000	3998.047	0.222
5700.000	20.000	3998.047	0.222
5710.000	20.000	3998.047	0.222
5720.000	20.000	3998.047	0.224
5730.000	20.000	3998.047	0.224
5740.000	20.000	3998.047	0.224
5750.000	20.000	3998.047	0.220
5760.000	20.000	3998.047	0.220
5770.000	20.000	3998.047	0.220
5780.000	20.000	3998.047	0.244
5790.000	20.000	3998.047	0.244
5800.000	20.000	3998.047	0.244
5810.000	20.000	3998.047	0.238
5820.000	20.000	3998.047	0.238
5830.000	20.000	3998.047	0.238
5840.000	20.000	3998.047	0.234
5850.000	20.000	3998.047	0.234
5860.000	20.000	3998.047	0.234
5870.000	20.000	3998.047	0.222
5880.000	20.000	3998.047	0.222
5890.000	20.000	3998.047	0.222
5900.000	20.000	3998.047	0.218
5910.000	20.000	3998.047	0.218
5920.000	20.000	3998.047	0.218
5930.000	20.000	3998.047	0.222
5940.000	20.000	3998.047	0.222
5950.000	20.000	3998.047	0.222
5960.000	20.000	3998.047	0.191
5970.000	20.000	3998.047	0.191
5980.000	20.000	3998.047	0.191
5990.000	20.000	3998.047	0.221
6000.000	20.000	3998.047	0.221
6010.000	20.000	3998.047	0.221
6020.000	20.000	3998.047	0.214
6030.000	20.000	3998.047	0.214
6040.000	20.000	3998.047	0.214
6050.000	20.000	3998.047	0.191
6060.000	20.000	3998.047	0.191
6070.000	20.000	3998.047	0.191
6080.000	20.000	3998.047	0.198
6090.000	20.000	3998.047	0.198
6100.000	20.000	3998.047	0.198
6110.000	20.000	3998.047	0.192
6120.000	20.000	3998.047	0.192
6130.000	20.000	3998.047	0.192
6140.000	20.000	3998.047	0.203
6150.000	20.000	3998.047	0.203
6160.000	20.000	3998.047	0.203
6170.000	20.000	3998.047	0.204
6180.000	20.000	3998.047	0.204
6190.000	20.000	3998.047	0.204
6200.000	20.000	3998.047	0.231
6210.000	20.000	3998.047	0.231
6220.000	20.000	3998.047	0.231
6230.000	20.000	3998.047	0.218
6240.000	20.000	3998.047	0.218
6250.000	20.000	3998.047	0.218
6260.000	20.000	3998.047	0.220
6270.000	20.000	3998.047	0.220
6280.000	20.000	3998.047	0.220
6290.000	20.000	3998.047	0.221
6300.000	20.000	3998.047	0.221
6310.000	20.000	3998.047	0.221
6320.000	20.000	3998.047	0.219
6330.000	20.000	3998.047	0.219
6340.000	20.000	3998.047	0.219
6350.000	20.000	3998.047	0.214
6360.000	20.000	3998.047	0.214
6370.000	20.000	3998.047	0.214
6380.000	20.000	3998.047	0.204
6390.000	20.000	3998.047	0.204
6400.000	20.000	3998.047	0.204
6410.000	20.000	3998.047	0.219
6420.000	20.000	3998.047	0.219
6430.000	20.000	3998.047	0.219
6440.000	20.000	3998.047	0.206
6450.000	20.000	3998.047	0.206
6460.000	20.000	3998.047	0.206
6470.000	20.000	3998.047	0.200
6480.000	20.000	3998.047	0.200
6490.000	20.000	3998.047	0.200
6500.000	20.000	3998.047	0.212
6510.000	20.000	3998.047	0.212
6520.000	20.000	3998.047	0.212
6530.000	20.000	3998.047	0.196
6540.000	20.000	3998.047	0.196
6550.000	20.000	3998.047	0.196
6560.000	20.000	3998.047	0.187
6570.000	20.000	3998.047	0.187
6580.000	20.000	3998.047	0.187
6590.000	20.000	3998.047	0.227
6600.000	20.000	3998.047	0.227
6610.000	20.000	3998.047	0.227
6620.000	20.000	3998.047	0.213
6630.000	20.000	3998.047	0.213
6640.000	20.000	3998.047	0.213
6650.000	20.000	3998.047	0.228
6660.000	20.000	3998.047	0.228
6670.000	20.000	3998.047	0.228
6680.000	20.000	3998.047	0.206
6690.000	20.000	3998.047	0.206
6700.000	20.000	3998.047	0.206
6710.000	20.000	3998.047	0.219
6720.000	20.000	3998.047	0.219
6730.000	20.000	3998.047	0.219
6740.000	20.000	3998.047	0.198
6750.000	20.000	3998.047	0.198
6760.000	20.000	3998.047	0.198
6770.000	20.000	3998.047	0.222
6780.000	20.000	3998.047	0.222
6790.000	20.000	3998.047	0.222
6800.000	20.000	3998.047	0.220
6810.000	20.000	3998.047	0.220
6820.000	20.000	3998.047	0.220
6830.000	20.000	3998.047	0.228
6840.000	20.000	3998.047	0.228
6850.000	20.000	3998.047	0.228
6860.000	20.000	3998.047	0.203
6870.000	20.000	3998.047	0.203
6880.000	20.000	3998.047	0.203
6890.000	20.000	3998.047	0.183
6900.000	20.000	3998.047	0.183
6910.000	20.000	3998.047	0.183
6920.000	20.000	3998.047	0.221
6930.000	20.000	3998.047	0.221
6940.000	20.000	3998.047	0.221
6950.000	20.000	3998.047	0.211
6960.000	20.000	3998.047	0.211
6970.000	20.000	3998.047	0.211
6980.000	20.000	3998.047	0.217
6990.000	20.000	3998.047	0.217
7000.000	20.000	3998.047	0.217
7010.000	20.000	3998.047	0.210
7020.000	20.000	3998.047	0.210
7030.000	20.000	3998.047	0.210
7040.000	20.000	3998.047	0.221
7050.000	20.000	3998.047	0.221
7060.000	20.000	3998.047	0.221
7070.000	20.000	3998.047	0.235
7080.000	20.000	3998.047	0.235
7090.000	20.000	3998.047	0.235
7100.000	20.000	3998.047	0.223
7110.000	20.000	3998.047	0.223
7120.000	20.000	3998.047	0.223
7130.000	20.000	3998.047	0.217
7140.000	20.000	3998.047	0.217
7150.000	20.000	3998.047	0.217
7160.000	20.000	3998.047	0.203
7170.000	20.000	3998.047	0.203
7180.000	20.000	3998.047	0.203
7190.000	20.000	3998.047	0.188
7200.000	20.000	3998.047	0.188
7210.000	20.000	3998.047	0.188
7220.000	20.000	3998.047	0.190
7230.000	20.000	3998.047	0.190
7240.000	20.000	3998.047	0.190
7250.000	20.000	3998.047	0.231
7260.000	20.000	3998.047	0.231
7270.000	20.000	3998.047	0.231
7280.000	20.000	3998.047	0.200
7290.000	20.000	3998.047	0.200
7300.000	20.000	3998.047	0.200
7310.000	20.000	3998.047	0.221
7320.000	20.000	3998.047	0.221
7330.000	20.000	3998.047	0.221
7340.000	20.000	3998.047	0.214
7350.000	20.000	3998.047	0.214
7360.000	20.000	3998.047	0.214
7370.000	20.000	3998.047	0.205
7380.000	20.000	3998.047	0.205
7390.000	20.000	3998.047	0.205
7400.000	20.000	3998.047	0.204
7410.000	20.000	3998.047	0.204
7420.000	20.000	3998.047	0.204
7430.000	20.000	3998.047	0.205
7440.000	20.000	3998.047	0.205
7450.000	20.000	3998.047	0.205
7460.000	20.000	3998.047	0.227
7470.000	20.000	3998.047	0.227
7480.000	20.000	3998.047	0.227
7490.000	20.000	3998.047	0.222
7500.000	20.000	3998.047	0.222
7510.000	20.000	3998.047	0.222
7520.000	20.000	3998.047	0.189
7530.000	20.000	3998.047	0.189
7540.000	20.000	3998.047	0.189
7550.000	20.000	3998.047	0.234
7560.000	20.000	3998.047	0.234
7570.000	20.000	3998.047	0.234
7580.000	20.000	3998.047	0.209
7590.000	20.000	3998.047	0.209
7600.000	20.000	3998.047	0.209
7610.000	20.000	3998.047	0.198
7620.000	20.000	3998.047	0.198
7630.000	20.000	3998.047	0.198
7640.000	20.000	3998.047	0.200
7650.000	20.000	3998.047	0.200
7660.000	20.000	3998.047	0.200
7670.000	20.000	3998.047	0.191
7680.000	20.000	3998.047	0.191
7690.000	20.000	3998.047	0.191
7700.000	20.000	3998.047	0.212
7710.000	20.000	3998.047	0.212
7720.000	20.000	3998.047	0.212
7730.000	20.000	3998.047	0.201
7740.000	20.000	3998.047	0.201
7750.000	20.000	3998.047	0.201
7760.000	20.000	3998.047	0.210
7770.000	20.000	3998.047	0.210
7780.000	20.000	3998.047	0.210
7790.000	20.000	3998.047	0.208
7800.000	20.000	3998.047	0.208
7810.000	20.000	3998.047	0.208
7820.000	20.000	3998.047	0.210
7830.000	20.000	3998.047	0.210
7840.000	20.000	3998.047	0.210
7850.000	20.000	3998.047	0.215
7860.000	20.000	3998.047	0.215
7870.000	20.000	3998.047	0.215
7880.000	20.000	3998.047	0.212
7890.000	20.000	3998.047	0.212
7900.000	20.000	3998.047	0.212
7910.000	20.000	3998.047	0.195
7920.000	20.000	3998.047	0.195
7930.000	20.000	3998.047	0.195
7940.000	20.000	3998.047	0.229
7950.000	20.000	3998.047	0.229
7960.000	20.000	3998.047	0.229
7970.000	20.000	3998.047	0.203
7980.000	20.000	3998.047	0.203
7990.000	20.000	3998.047	0.203
8000.000	20.000	3998.047	0.217
8010.000	20.000	3998.047	0.217
8020.000	20.000	3998.047	0.217
8030.000	20.000	3998.047	0.209
8040.000	20.000	3998.047	0.209
8050.000	20.000	3998.047	0.209
8060.000	20.000	3998.047	0.191
8070.000	20.000	3998.047	0.191
8080.000	20.000	3998.047	0.191
8090.000	20.000	3998.047	0.203
8100.000	20.000	3998.047	0.203
8110.000	20.000	3998.047	0.203
8120.000	20.000	3998.047	0.209
8130.000	20.000	3998.047	0.209
8140.000	20.000	3998.047	0.209
8150.000	20.000	3998.047	0.207
8160.000	20.000	3998.047	0.207
8170.000	20.000	3998.047	0.207
8180.000	20.000	3998.047	0.202
8190.000	20.000	3998.047	0.202
8200.000	20.000	3998.047	0.202
8210.000	20.000	3998.047	0.196
8220.000	20.000	3998.047	0.196
8230.000	20.000	3998.047	0.196
8240.000	20.000	3998.047	0.197
8250.000	20.000	3998.047	0.197
8260.000	20.000	3998.047	0.197
8270.000	20.000	3998.047	0.219
8280.000	20.000	3998.047	0.219
8290.000	20.000	3998.047	0.219
8300.000	20.000	3998.047	0.216
8310.000	20.000	3998.047	0.216
8320.000	20.000	3998.047	0.216
8330.000	20.000	3998.047	0.216
8340.000	20.000	3998.047	0.216
8350.000	20.000	3998.047	0.216
8360.000	20.000	3998.047	0.211
8370.000	20.000	3998.047	0.211
8380.000	20.000	3998.047	0.211
8390.000	20.000	3998.047	0.204
8400.000	20.000	3998.047	0.204
8410.000	20.000	3998.047	0.204
8420.000	20.000	3998.047	0.210
8430.000	20.000	3998.047	0.210
8440.000	20.000	3998.047	0.210
8450.000	20.000	3998.047	0.221
8460.000	20.000	3998.047	0.221
8470.000	20.000	3998.047	0.221
8480.000	20.000	3998.047	0.217
8490.000	20.000	3998.047	0.217
8500.000	20.000	3998.047	0.217
8510.000	20.000	3998.047	0.220
8520.000	20.000	3998.047	0.220
8530.000	20.000	3998.047	0.220
8540.000	20.000	3998.047	0.211
8550.000	20.000	3998.047	0.211
8560.000	20.000	3998.047	0.211
8570.000	20.000	3998.047	0.206
8580.000	20.000	3998.047	0.206
8590.000	20.000	3998.047	0.206
8600.000	20.000	3998.047	0.208
8610.000	20.000	3998.047	0.208
8620.000	20.000	3998.047	0.208
8630.000	20.000	3998.047	0.222
8640.000	20.000	3998.047	0.222
8650.000	20.000	3998.047	0.222
8660.000	20.000	3998.047	0.215
8670.000	20.000	3998.047	0.215
8680.000	20.000	3998.047	0.215
8690.000	20.000	3998.047	0.225
8700.000	20.000	3998.047	0.225
8710.000	20.000	3998.047	0.225
8720.000	20.000	3998.047	0.219
8730.000	20.000	3998.047	0.219
8740.000	20.000	3998.047	0.219
8750.000	20.000	3998.047	0.218
8760.000	20.000	3998.047	0.218
8770.000	20.000	3998.047	0.218
8780.000	20.000	3998.047	0.225
8790.000	20.000	3998.047	0.225
8800.000	20.000	3998.047	0.225
8810.000	20.000	3998.047	0.207
8820.000	20.000	3998.047	0.207
8830.000	20.000	3998.047	0.207
8840.000	20.000	3998.047	0.214
8850.000	20.000	3998.047	0.214
8860.000	20.000	3998.047	0.214
8870.000	20.000	3998.047	0.214
8880.000	20.000	3998.047	0.214
8890.000	20.000	3998.047	0.214
8900.000	20.000	3998.047	0.216
8910.000	20.000	3998.047	0.216
8920.000	20.000	3998.047	0.216
8930.000	20.000	3998.047	0.222
8940.000	20.000	3998.047	0.222
8950.000	20.000	3998.047	0.222
8960.000	20.000	3998.047	0.192
8970.000	20.000	3998.047	0.192
8980.000	20.000	3998.047	0.192
8990.000	20.000	3998.047	0.229
9000.000	20.000	3998.047	0.229
9010.000	20.000	3998.047	0.229
9020.000	20.000	3998.047	0.198
9030.000	20.000	3998.047	0.198
9040.000	20.000	3998.047	0.198
9050.000	20.000	3998.047	0.211
9060.000	20.000	3998.047	0.211
9070.000	20.000	3998.047	0.211
9080.000	20.000	3998.047	0.206
9090.000	20.000	3998.047	0.206
9100.000	20.000	3998.047	0.206
9110.000	20.000	3998.047	0.122
9120.000	20.000	3998.047	0.122
9130.000	20.000	3998.047	0.122
9140.000	20.000	3998.047	0.066
9150.000	20.000	3998.047	0.066
9160.000	20.000	3998.047	0.066
9170.000	20.000	3998.047	0.031
9180.000	20.000	3998.047	0.031
9190.000	20.000	3998.047	0.031
9200.000	20.000	3998.047	0.028
9210.000	20.000	3998.047	0.028
9220.000	20.000	3998.047	0.028
9230.000	20.000	3998.047	0.009
9240.000	20.000	3998.047	0.009
9250.000	20.000	3998.047	0.009
9260.000	20.000	3998.047	0.011
9270.000	20.000	3998.047	0.011
9280.000	20.000	3998.047	0.011
9290.000	20.000	3998.047	0.031
9300.000	20.000	3998.047	0.031
9310.000	20.000	3998.047	0.031
9320.000	20.000	3998.047	0.012
9330.000	20.000	3998.047	0.012
9340.000	20.000	3998.047	0.012
9350.000	20.000	3988.281	0.002
9360.000	20.000	3988.281	0.002
9370.000	20.000	3988.281	0.002
9380.000	20.000	3988.281	0.024
9390.000	20.000	3988.281	0.024
9400.000	20.000	3988.281	0.024
9410.000	20.000	3968.750	0.021
9420.000	20.000	3968.750	0.021
9430.000	20.000	3968.750	0.021
9440.000	20.000	3966.797	0.031
9450.000	20.000	3966.797	0.031
9460.000	20.000	3966.797	0.031
9470.000	20.000	3917.969	0.005
9480.000	20.000	3917.969	0.005
9490.000	20.000	3917.969	0.005
9500.000	20.000	3923.828	0.034
9510.000	20.000	3923.828	0.034
9520.000	20.000	3923.828	0.034
9530.000	20.000	3894.531	0.023
9540.000	20.000	3894.531	0.023
9550.000	20.000	3894.531	0.023
9560.000	20.000	3904.297	0.029
9570.000	20.000	3904.297	0.029
9580.000	20.000	3904.297	0.029
9590.000	20.000	3833.984	0.018
9600.000	20.000	3833.984	0.018
9610.000	20.000	3833.984	0.018
9620.000	20.000	3857.422	0.016
9630.000	20.000	3857.422	0.016
9640.000	20.000	3857.422	0.016
9650.000	20.000	3806.641	0.025
9660.000	20.000	3806.641	0.025
9670.000	20.000	3806.641	0.025
9680.000	20.000	3800.781	0.009
9690.000	20.000	3800.781	0.009
9700.000	20.000	3800.781	0.009
9710.000	20.000	3806.641	0.015
9720.000	20.000	3806.641	0.015
9730.000	20.000	3806.641	0.015
9740.000	20.000	3773.437	0.003
9750.000	20.000	3773.437	0.003
9760.000	20.000	3773.437	0.003
9770.000	20.000	3773.437	0.034
9780.000	20.000	3773.437	0.034
9790.000	20.000	3773.437	0.034
9800.000	20.000	3771.484	0.013
9810.000	20.000	3771.484	0.013
9820.000	20.000	3771.484	0.013
9830.000	20.000	3718.750	0.020
9840.000	20.000	3718.750	0.020
9850.000	20.000	3718.750	0.020
9860.000	20.000	3714.844	0.021
9870.000	20.000	3714.844	0.021
9880.000	20.000	3714.844	0.021
9890.000	20.000	3708.984	0.018
9900.000	20.000	3708.984	0.018
9910.000	20.000	3708.984	0.018
9920.000	20.000	3699.219	0.021
9930.000	20.000	3699.219	0.021
9940.000	20.000	3699.219	0.021
9950.000	20.000	3654.297	0.006
9960.000	20.000	3654.297	0.006
9970.000	20.000	3654.297	0.006
9980.000	20.000	3648.437	0.010
9990.000	20.000	3648.437	0.010
10000.000	20.000	3648.437	0.010
10010.000	20.000	3625.000	0.019
10020.000	20.000	3625.000	0.019
