%Time [ms]	Commanded Torque [mNm]	Angular Velocity [RPM]	Actual Current [Amp]	%9/23/20259:35 AM
0.000	0.000	0.000	0.000
20.000	4.000	54.687	0.013
30.000	4.000	54.687	0.013
40.000	4.000	54.687	0.013
50.000	4.000	56.641	0.005
60.000	4.000	56.641	0.005
70.000	4.000	56.641	0.005
80.000	4.000	64.453	0.034
90.000	4.000	64.453	0.034
100.000	4.000	64.453	0.034
110.000	4.000	72.266	0.039
120.000	4.000	72.266	0.039
130.000	4.000	72.266	0.039
140.000	4.000	76.172	0.026
150.000	4.000	76.172	0.026
160.000	4.000	76.172	0.026
170.000	4.000	72.266	0.036
180.000	4.000	72.266	0.036
190.000	4.000	72.266	0.036
200.000	4.000	58.594	0.026
210.000	4.000	58.594	0.026
220.000	4.000	58.594	0.026
230.000	4.000	66.406	0.042
240.000	4.000	66.406	0.042
250.000	4.000	66.406	0.042
260.000	4.000	80.078	0.020
270.000	4.000	80.078	0.020
280.000	4.000	80.078	0.020
290.000	4.000	80.078	0.018
300.000	4.000	80.078	0.018
310.000	4.000	80.078	0.018
320.000	4.000	80.078	0.043
330.000	4.000	80.078	0.043
340.000	4.000	80.078	0.043
350.000	4.000	76.172	0.032
360.000	4.000	76.172	0.032
370.000	4.000	76.172	0.032
380.000	4.000	37.109	0.038
390.000	4.000	37.109	0.038
400.000	4.000	37.109	0.038
410.000	4.000	78.125	0.026
420.000	4.000	78.125	0.026
430.000	4.000	78.125	0.026
440.000	4.000	82.031	0.025
450.000	4.000	82.031	0.025
460.000	4.000	82.031	0.025
470.000	4.000	64.453	0.002
480.000	4.000	64.453	0.002
490.000	4.000	64.453	0.002
500.000	4.000	62.500	0.021
510.000	4.000	62.500	0.021
520.000	4.000	62.500	0.021
530.000	4.000	41.016	0.008
540.000	4.000	41.016	0.008
550.000	4.000	41.016	0.008
560.000	4.000	74.219	0.036
570.000	4.000	74.219	0.036
580.000	4.000	74.219	0.036
590.000	4.000	70.312	0.016
600.000	4.000	70.312	0.016
610.000	4.000	70.312	0.016
620.000	4.000	39.062	0.022
630.000	4.000	39.062	0.022
640.000	4.000	39.062	0.022
650.000	4.000	68.359	0.023
660.000	4.000	68.359	0.023
670.000	4.000	68.359	0.023
680.000	4.000	44.922	0.005
690.000	4.000	44.922	0.005
700.000	4.000	44.922	0.005
710.000	4.000	31.250	0.023
720.000	4.000	31.250	0.023
730.000	4.000	31.250	0.023
740.000	4.000	66.406	0.020
750.000	4.000	66.406	0.020
760.000	4.000	66.406	0.020
770.000	4.000	54.687	0.018
780.000	4.000	54.687	0.018
790.000	4.000	54.687	0.018
800.000	4.000	82.031	0.022
810.000	4.000	82.031	0.022
820.000	4.000	82.031	0.022
830.000	4.000	80.078	0.042
840.000	4.000	80.078	0.042
850.000	4.000	80.078	0.042
860.000	4.000	64.453	0.013
870.000	4.000	64.453	0.013
880.000	4.000	64.453	0.013
890.000	4.000	56.641	0.035
900.000	4.000	56.641	0.035
910.000	4.000	56.641	0.035
920.000	4.000	50.781	0.033
930.000	4.000	50.781	0.033
940.000	4.000	50.781	0.033
950.000	4.000	76.172	0.022
960.000	4.000	76.172	0.022
970.000	4.000	76.172	0.022
980.000	4.000	76.172	0.017
990.000	4.000	76.172	0.017
1000.000	4.000	76.172	0.017
1010.000	4.000	62.500	0.041
1020.000	4.000	62.500	0.041
1030.000	4.000	62.500	0.041
1040.000	4.000	78.125	0.012
1050.000	4.000	78.125	0.012
1060.000	4.000	78.125	0.012
1070.000	4.000	46.875	0.008
1080.000	4.000	46.875	0.008
1090.000	4.000	46.875	0.008
1100.000	4.000	37.109	0.066
1110.000	4.000	37.109	0.066
1120.000	4.000	37.109	0.066
1130.000	4.000	54.687	0.124
1140.000	4.000	54.687	0.124
1150.000	4.000	54.687	0.124
1160.000	4.000	54.687	0.117
1170.000	4.000	54.687	0.117
1180.000	4.000	54.687	0.117
1190.000	4.000	56.641	0.129
1200.000	4.000	56.641	0.129
1210.000	4.000	56.641	0.129
1220.000	4.000	80.078	0.146
1230.000	4.000	80.078	0.146
1240.000	4.000	80.078	0.146
1250.000	4.000	74.219	0.147
1260.000	4.000	74.219	0.147
1270.000	4.000	74.219	0.147
1280.000	4.000	52.734	0.146
1290.000	4.000	52.734	0.146
1300.000	4.000	52.734	0.146
1310.000	4.000	87.891	0.141
1320.000	4.000	87.891	0.141
1330.000	4.000	87.891	0.141
1340.000	4.000	72.266	0.147
1350.000	4.000	72.266	0.147
1360.000	4.000	72.266	0.147
1370.000	4.000	80.078	0.142
1380.000	4.000	80.078	0.142
1390.000	4.000	80.078	0.142
1400.000	4.000	78.125	0.137
1410.000	4.000	78.125	0.137
1420.000	4.000	78.125	0.137
1430.000	4.000	103.516	0.156
1440.000	4.000	103.516	0.156
1450.000	4.000	103.516	0.156
1460.000	4.000	121.094	0.136
1470.000	4.000	121.094	0.136
1480.000	4.000	121.094	0.136
1490.000	4.000	115.234	0.151
1500.000	4.000	115.234	0.151
1510.000	4.000	115.234	0.151
1520.000	4.000	113.281	0.159
1530.000	4.000	113.281	0.159
1540.000	4.000	113.281	0.159
1550.000	4.000	115.234	0.153
1560.000	4.000	115.234	0.153
1570.000	4.000	115.234	0.153
1580.000	4.000	132.812	0.138
1590.000	4.000	132.812	0.138
1600.000	4.000	132.812	0.138
1610.000	4.000	99.609	0.140
1620.000	4.000	99.609	0.140
1630.000	4.000	99.609	0.140
1640.000	4.000	125.000	0.139
1650.000	4.000	125.000	0.139
1660.000	4.000	125.000	0.139
1670.000	4.000	136.719	0.163
1680.000	4.000	136.719	0.163
1690.000	4.000	136.719	0.163
1700.000	4.000	123.047	0.138
1710.000	4.000	123.047	0.138
1720.000	4.000	123.047	0.138
1730.000	4.000	152.344	0.128
1740.000	4.000	152.344	0.128
1750.000	4.000	152.344	0.128
1760.000	4.000	142.578	0.148
1770.000	4.000	142.578	0.148
1780.000	4.000	142.578	0.148
1790.000	4.000	156.250	0.141
1800.000	4.000	156.250	0.141
1810.000	4.000	156.250	0.141
1820.000	4.000	169.922	0.134
1830.000	4.000	169.922	0.134
1840.000	4.000	169.922	0.134
1850.000	4.000	167.969	0.158
1860.000	4.000	167.969	0.158
1870.000	4.000	167.969	0.158
1880.000	4.000	144.531	0.155
1890.000	4.000	144.531	0.155
1900.000	4.000	144.531	0.155
1910.000	4.000	162.109	0.147
1920.000	4.000	162.109	0.147
1930.000	4.000	162.109	0.147
1940.000	4.000	156.250	0.154
1950.000	4.000	156.250	0.154
1960.000	4.000	156.250	0.154
1970.000	4.000	177.734	0.130
1980.000	4.000	177.734	0.130
1990.000	4.000	177.734	0.130
2000.000	4.000	185.547	0.136
2010.000	4.000	185.547	0.136
2020.000	4.000	185.547	0.136
2030.000	4.000	173.828	0.142
2040.000	4.000	173.828	0.142
2050.000	4.000	173.828	0.142
2060.000	4.000	177.734	0.149
2070.000	4.000	177.734	0.149
2080.000	4.000	177.734	0.149
2090.000	4.000	195.312	0.139
2100.000	4.000	195.312	0.139
2110.000	4.000	195.312	0.139
2120.000	4.000	183.594	0.149
2130.000	4.000	183.594	0.149
2140.000	4.000	183.594	0.149
2150.000	4.000	189.453	0.143
2160.000	4.000	189.453	0.143
2170.000	4.000	189.453	0.143
2180.000	4.000	208.984	0.138
2190.000	4.000	208.984	0.138
2200.000	4.000	208.984	0.138
2210.000	4.000	214.844	0.150
2220.000	4.000	214.844	0.150
2230.000	4.000	214.844	0.150
2240.000	4.000	179.687	0.145
2250.000	4.000	179.687	0.145
2260.000	4.000	179.687	0.145
2270.000	4.000	207.031	0.152
2280.000	4.000	207.031	0.152
2290.000	4.000	207.031	0.152
2300.000	4.000	197.266	0.129
2310.000	4.000	197.266	0.129
2320.000	4.000	197.266	0.129
2330.000	4.000	216.797	0.118
2340.000	4.000	216.797	0.118
2350.000	4.000	216.797	0.118
2360.000	4.000	199.219	0.141
2370.000	4.000	199.219	0.141
2380.000	4.000	199.219	0.141
2390.000	4.000	242.187	0.147
2400.000	4.000	242.187	0.147
2410.000	4.000	242.187	0.147
2420.000	4.000	212.891	0.126
2430.000	4.000	212.891	0.126
2440.000	4.000	212.891	0.126
2450.000	4.000	181.641	0.139
2460.000	4.000	181.641	0.139
2470.000	4.000	181.641	0.139
2480.000	4.000	222.656	0.140
2490.000	4.000	222.656	0.140
2500.000	4.000	222.656	0.140
2510.000	4.000	244.141	0.144
2520.000	4.000	244.141	0.144
2530.000	4.000	244.141	0.144
2540.000	4.000	244.141	0.148
2550.000	4.000	244.141	0.148
2560.000	4.000	244.141	0.148
2570.000	4.000	250.000	0.122
2580.000	4.000	250.000	0.122
2590.000	4.000	250.000	0.122
2600.000	4.000	250.000	0.146
2610.000	4.000	250.000	0.146
2620.000	4.000	250.000	0.146
2630.000	4.000	246.094	0.139
2640.000	4.000	246.094	0.139
2650.000	4.000	246.094	0.139
2660.000	4.000	251.953	0.150
2670.000	4.000	251.953	0.150
2680.000	4.000	251.953	0.150
2690.000	4.000	263.672	0.137
2700.000	4.000	263.672	0.137
2710.000	4.000	263.672	0.137
2720.000	4.000	242.187	0.151
2730.000	4.000	242.187	0.151
2740.000	4.000	242.187	0.151
2750.000	4.000	263.672	0.154
2760.000	4.000	263.672	0.154
2770.000	4.000	263.672	0.154
2780.000	4.000	251.953	0.148
2790.000	4.000	251.953	0.148
2800.000	4.000	251.953	0.148
2810.000	4.000	279.297	0.128
2820.000	4.000	279.297	0.128
2830.000	4.000	279.297	0.128
2840.000	4.000	273.437	0.158
2850.000	4.000	273.437	0.158
2860.000	4.000	273.437	0.158
2870.000	4.000	291.016	0.138
2880.000	4.000	291.016	0.138
2890.000	4.000	291.016	0.138
2900.000	4.000	285.156	0.148
2910.000	4.000	285.156	0.148
2920.000	4.000	285.156	0.148
2930.000	4.000	265.625	0.146
2940.000	4.000	265.625	0.146
2950.000	4.000	265.625	0.146
2960.000	4.000	291.016	0.146
2970.000	4.000	291.016	0.146
2980.000	4.000	291.016	0.146
2990.000	4.000	275.391	0.127
3000.000	4.000	275.391	0.127
3010.000	4.000	275.391	0.127
3020.000	4.000	289.062	0.164
3030.000	4.000	289.062	0.164
3040.000	4.000	289.062	0.164
3050.000	4.000	275.391	0.144
3060.000	4.000	275.391	0.144
3070.000	4.000	275.391	0.144
3080.000	4.000	291.016	0.153
3090.000	4.000	291.016	0.153
3100.000	4.000	291.016	0.153
3110.000	4.000	320.312	0.153
3120.000	4.000	320.312	0.153
3130.000	4.000	320.312	0.153
3140.000	4.000	267.578	0.151
3150.000	4.000	267.578	0.151
3160.000	4.000	267.578	0.151
3170.000	4.000	296.875	0.149
3180.000	4.000	296.875	0.149
3190.000	4.000	296.875	0.149
3200.000	4.000	298.828	0.133
3210.000	4.000	298.828	0.133
3220.000	4.000	298.828	0.133
3230.000	4.000	277.344	0.138
3240.000	4.000	277.344	0.138
3250.000	4.000	277.344	0.138
3260.000	4.000	324.219	0.150
3270.000	4.000	324.219	0.150
3280.000	4.000	324.219	0.150
3290.000	4.000	339.844	0.147
3300.000	4.000	339.844	0.147
3310.000	4.000	339.844	0.147
3320.000	4.000	318.359	0.159
3330.000	4.000	318.359	0.159
3340.000	4.000	318.359	0.159
3350.000	4.000	324.219	0.147
3360.000	4.000	324.219	0.147
3370.000	4.000	324.219	0.147
3380.000	4.000	318.359	0.140
3390.000	4.000	318.359	0.140
3400.000	4.000	318.359	0.140
3410.000	4.000	318.359	0.144
3420.000	4.000	318.359	0.144
3430.000	4.000	318.359	0.144
3440.000	4.000	308.594	0.151
3450.000	4.000	308.594	0.151
3460.000	4.000	308.594	0.151
3470.000	4.000	345.703	0.164
3480.000	4.000	345.703	0.164
3490.000	4.000	345.703	0.164
3500.000	4.000	318.359	0.151
3510.000	4.000	318.359	0.151
3520.000	4.000	318.359	0.151
3530.000	4.000	361.328	0.125
3540.000	4.000	361.328	0.125
3550.000	4.000	361.328	0.125
3560.000	4.000	328.125	0.147
3570.000	4.000	328.125	0.147
3580.000	4.000	328.125	0.147
3590.000	4.000	330.078	0.155
3600.000	4.000	330.078	0.155
3610.000	4.000	330.078	0.155
3620.000	4.000	351.562	0.146
3630.000	4.000	351.562	0.146
3640.000	4.000	351.562	0.146
3650.000	4.000	341.797	0.149
3660.000	4.000	341.797	0.149
3670.000	4.000	341.797	0.149
3680.000	4.000	318.359	0.151
3690.000	4.000	318.359	0.151
3700.000	4.000	318.359	0.151
3710.000	4.000	371.094	0.143
3720.000	4.000	371.094	0.143
3730.000	4.000	371.094	0.143
3740.000	4.000	365.234	0.143
3750.000	4.000	365.234	0.143
3760.000	4.000	365.234	0.143
3770.000	4.000	347.656	0.140
3780.000	4.000	347.656	0.140
3790.000	4.000	347.656	0.140
3800.000	4.000	345.703	0.154
3810.000	4.000	345.703	0.154
3820.000	4.000	345.703	0.154
3830.000	4.000	332.031	0.144
3840.000	4.000	332.031	0.144
3850.000	4.000	332.031	0.144
3860.000	4.000	355.469	0.150
3870.000	4.000	355.469	0.150
3880.000	4.000	355.469	0.150
3890.000	4.000	365.234	0.149
3900.000	4.000	365.234	0.149
3910.000	4.000	365.234	0.149
3920.000	4.000	359.375	0.152
3930.000	4.000	359.375	0.152
3940.000	4.000	359.375	0.152
3950.000	4.000	361.328	0.142
3960.000	4.000	361.328	0.142
3970.000	4.000	361.328	0.142
3980.000	4.000	345.703	0.127
3990.000	4.000	345.703	0.127
4000.000	4.000	345.703	0.127
4010.000	4.000	380.859	0.150
4020.000	4.000	380.859	0.150
4030.000	4.000	380.859	0.150
4040.000	4.000	349.609	0.134
4050.000	4.000	349.609	0.134
4060.000	4.000	349.609	0.134
4070.000	4.000	390.625	0.137
4080.000	4.000	390.625	0.137
4090.000	4.000	390.625	0.137
4100.000	4.000	380.859	0.147
4110.000	4.000	380.859	0.147
4120.000	4.000	380.859	0.147
4130.000	4.000	365.234	0.135
4140.000	4.000	365.234	0.135
4150.000	4.000	365.234	0.135
4160.000	4.000	392.578	0.152
4170.000	4.000	392.578	0.152
4180.000	4.000	392.578	0.152
4190.000	4.000	384.766	0.152
4200.000	4.000	384.766	0.152
4210.000	4.000	384.766	0.152
4220.000	4.000	404.297	0.148
4230.000	4.000	404.297	0.148
4240.000	4.000	404.297	0.148
4250.000	4.000	388.672	0.163
4260.000	4.000	388.672	0.163
4270.000	4.000	388.672	0.163
4280.000	4.000	408.203	0.152
4290.000	4.000	408.203	0.152
4300.000	4.000	408.203	0.152
4310.000	4.000	406.250	0.142
4320.000	4.000	406.250	0.142
4330.000	4.000	406.250	0.142
4340.000	4.000	410.156	0.155
4350.000	4.000	410.156	0.155
4360.000	4.000	410.156	0.155
4370.000	4.000	408.203	0.155
4380.000	4.000	408.203	0.155
4390.000	4.000	408.203	0.155
4400.000	4.000	427.734	0.146
4410.000	4.000	427.734	0.146
4420.000	4.000	427.734	0.146
4430.000	4.000	388.672	0.150
4440.000	4.000	388.672	0.150
4450.000	4.000	388.672	0.150
4460.000	4.000	414.062	0.135
4470.000	4.000	414.062	0.135
4480.000	4.000	414.062	0.135
4490.000	4.000	400.391	0.160
4500.000	4.000	400.391	0.160
4510.000	4.000	400.391	0.160
4520.000	4.000	396.484	0.160
4530.000	4.000	396.484	0.160
4540.000	4.000	396.484	0.160
4550.000	4.000	451.172	0.156
4560.000	4.000	451.172	0.156
4570.000	4.000	451.172	0.156
4580.000	4.000	400.391	0.146
4590.000	4.000	400.391	0.146
4600.000	4.000	400.391	0.146
4610.000	4.000	433.594	0.144
4620.000	4.000	433.594	0.144
4630.000	4.000	433.594	0.144
4640.000	4.000	431.641	0.153
4650.000	4.000	431.641	0.153
4660.000	4.000	431.641	0.153
4670.000	4.000	443.359	0.150
4680.000	4.000	443.359	0.150
4690.000	4.000	443.359	0.150
4700.000	4.000	453.125	0.158
4710.000	4.000	453.125	0.158
4720.000	4.000	453.125	0.158
4730.000	4.000	429.687	0.152
4740.000	4.000	429.687	0.152
4750.000	4.000	429.687	0.152
4760.000	4.000	437.500	0.150
4770.000	4.000	437.500	0.150
4780.000	4.000	437.500	0.150
4790.000	4.000	451.172	0.136
4800.000	4.000	451.172	0.136
4810.000	4.000	451.172	0.136
4820.000	4.000	447.266	0.143
4830.000	4.000	447.266	0.143
4840.000	4.000	447.266	0.143
4850.000	4.000	445.312	0.142
4860.000	4.000	445.312	0.142
4870.000	4.000	445.312	0.142
4880.000	4.000	464.844	0.139
4890.000	4.000	464.844	0.139
4900.000	4.000	464.844	0.139
4910.000	4.000	449.219	0.142
4920.000	4.000	449.219	0.142
4930.000	4.000	449.219	0.142
4940.000	4.000	439.453	0.150
4950.000	4.000	439.453	0.150
4960.000	4.000	439.453	0.150
4970.000	4.000	429.687	0.149
4980.000	4.000	429.687	0.149
4990.000	4.000	429.687	0.149
5000.000	4.000	480.469	0.136
5010.000	4.000	480.469	0.136
5020.000	4.000	480.469	0.136
5030.000	4.000	451.172	0.162
5040.000	4.000	451.172	0.162
5050.000	4.000	451.172	0.162
5060.000	4.000	460.937	0.149
5070.000	4.000	460.937	0.149
5080.000	4.000	460.937	0.149
5090.000	4.000	464.844	0.147
5100.000	4.000	464.844	0.147
5110.000	4.000	464.844	0.147
5120.000	4.000	462.891	0.164
5130.000	4.000	462.891	0.164
5140.000	4.000	462.891	0.164
5150.000	4.000	453.125	0.140
5160.000	4.000	453.125	0.140
5170.000	4.000	453.125	0.140
5180.000	4.000	472.656	0.150
5190.000	4.000	472.656	0.150
5200.000	4.000	472.656	0.150
5210.000	4.000	462.891	0.141
5220.000	4.000	462.891	0.141
5230.000	4.000	462.891	0.141
5240.000	4.000	474.609	0.145
5250.000	4.000	474.609	0.145
5260.000	4.000	474.609	0.145
5270.000	4.000	492.187	0.132
5280.000	4.000	492.187	0.132
5290.000	4.000	492.187	0.132
5300.000	4.000	462.891	0.153
5310.000	4.000	462.891	0.153
5320.000	4.000	462.891	0.153
5330.000	4.000	496.094	0.137
5340.000	4.000	496.094	0.137
5350.000	4.000	496.094	0.137
5360.000	4.000	468.750	0.147
5370.000	4.000	468.750	0.147
5380.000	4.000	468.750	0.147
5390.000	4.000	451.172	0.158
5400.000	4.000	451.172	0.158
5410.000	4.000	451.172	0.158
5420.000	4.000	462.891	0.146
5430.000	4.000	462.891	0.146
5440.000	4.000	462.891	0.146
5450.000	4.000	470.703	0.142
5460.000	4.000	470.703	0.142
5470.000	4.000	470.703	0.142
5480.000	4.000	474.609	0.145
5490.000	4.000	474.609	0.145
5500.000	4.000	474.609	0.145
5510.000	4.000	472.656	0.154
5520.000	4.000	472.656	0.154
5530.000	4.000	472.656	0.154
5540.000	4.000	494.141	0.153
5550.000	4.000	494.141	0.153
5560.000	4.000	494.141	0.153
5570.000	4.000	474.609	0.158
5580.000	4.000	474.609	0.158
5590.000	4.000	474.609	0.158
5600.000	4.000	500.000	0.137
5610.000	4.000	500.000	0.137
5620.000	4.000	500.000	0.137
5630.000	4.000	480.469	0.146
5640.000	4.000	480.469	0.146
5650.000	4.000	480.469	0.146
5660.000	4.000	494.141	0.152
5670.000	4.000	494.141	0.152
5680.000	4.000	494.141	0.152
5690.000	4.000	507.812	0.159
5700.000	4.000	507.812	0.159
5710.000	4.000	507.812	0.159
5720.000	4.000	492.187	0.152
5730.000	4.000	492.187	0.152
5740.000	4.000	492.187	0.152
5750.000	4.000	511.719	0.142
5760.000	4.000	511.719	0.142
5770.000	4.000	511.719	0.142
5780.000	4.000	501.953	0.136
5790.000	4.000	501.953	0.136
5800.000	4.000	501.953	0.136
5810.000	4.000	541.016	0.135
5820.000	4.000	541.016	0.135
5830.000	4.000	541.016	0.135
5840.000	4.000	531.250	0.141
5850.000	4.000	531.250	0.141
5860.000	4.000	531.250	0.141
5870.000	4.000	509.766	0.141
5880.000	4.000	509.766	0.141
5890.000	4.000	509.766	0.141
5900.000	4.000	523.437	0.146
5910.000	4.000	523.437	0.146
5920.000	4.000	523.437	0.146
5930.000	4.000	500.000	0.146
5940.000	4.000	500.000	0.146
5950.000	4.000	500.000	0.146
5960.000	4.000	529.297	0.135
5970.000	4.000	529.297	0.135
5980.000	4.000	529.297	0.135
5990.000	4.000	513.672	0.146
6000.000	4.000	513.672	0.146
6010.000	4.000	513.672	0.146
6020.000	4.000	527.344	0.157
6030.000	4.000	527.344	0.157
6040.000	4.000	527.344	0.157
6050.000	4.000	515.625	0.152
6060.000	4.000	515.625	0.152
6070.000	4.000	515.625	0.152
6080.000	4.000	533.203	0.139
6090.000	4.000	533.203	0.139
6100.000	4.000	533.203	0.139
6110.000	4.000	519.531	0.073
6120.000	4.000	519.531	0.073
6130.000	4.000	519.531	0.073
6140.000	4.000	537.109	0.062
6150.000	4.000	537.109	0.062
6160.000	4.000	537.109	0.062
6170.000	4.000	505.859	0.043
6180.000	4.000	505.859	0.043
6190.000	4.000	505.859	0.043
6200.000	4.000	529.297	0.020
6210.000	4.000	529.297	0.020
6220.000	4.000	529.297	0.020
6230.000	4.000	486.328	0.022
6240.000	4.000	486.328	0.022
6250.000	4.000	486.328	0.022
6260.000	4.000	488.281	0.006
6270.000	4.000	488.281	0.006
6280.000	4.000	488.281	0.006
6290.000	4.000	480.469	0.038
6300.000	4.000	480.469	0.038
6310.000	4.000	480.469	0.038
6320.000	4.000	484.375	0.023
6330.000	4.000	484.375	0.023
6340.000	4.000	484.375	0.023
6350.000	4.000	462.891	0.023
6360.000	4.000	462.891	0.023
6370.000	4.000	462.891	0.023
6380.000	4.000	451.172	0.019
6390.000	4.000	451.172	0.019
6400.000	4.000	451.172	0.019
6410.000	4.000	423.828	0.011
6420.000	4.000	423.828	0.011
6430.000	4.000	423.828	0.011
6440.000	4.000	414.062	0.016
6450.000	4.000	414.062	0.016
6460.000	4.000	414.062	0.016
6470.000	4.000	423.828	0.016
6480.000	4.000	423.828	0.016
6490.000	4.000	423.828	0.016
6500.000	4.000	414.062	0.017
6510.000	4.000	414.062	0.017
6520.000	4.000	414.062	0.017
6530.000	4.000	414.062	0.022
6540.000	4.000	414.062	0.022
6550.000	4.000	414.062	0.022
6560.000	4.000	425.781	0.022
6570.000	4.000	425.781	0.022
6580.000	4.000	425.781	0.022
6590.000	4.000	406.250	0.021
6600.000	4.000	406.250	0.021
6610.000	4.000	406.250	0.021
6620.000	4.000	355.469	0.016
6630.000	4.000	355.469	0.016
6640.000	4.000	355.469	0.016
6650.000	4.000	361.328	0.039
6660.000	4.000	361.328	0.039
6670.000	4.000	361.328	0.039
6680.000	4.000	380.859	0.023
6690.000	4.000	380.859	0.023
6700.000	4.000	380.859	0.023
6710.000	4.000	375.000	0.014
6720.000	4.000	375.000	0.014
6730.000	4.000	375.000	0.014
6740.000	4.000	345.703	0.039
6750.000	4.000	345.703	0.039
6760.000	4.000	345.703	0.039
6770.000	4.000	373.047	0.025
6780.000	4.000	373.047	0.025
6790.000	4.000	373.047	0.025
6800.000	4.000	353.516	0.032
6810.000	4.000	353.516	0.032
6820.000	4.000	353.516	0.032
6830.000	4.000	347.656	0.011
6840.000	4.000	347.656	0.011
6850.000	4.000	347.656	0.011
6860.000	4.000	359.375	0.025
6870.000	4.000	359.375	0.025
6880.000	4.000	359.375	0.025
6890.000	4.000	298.828	0.019
6900.000	4.000	298.828	0.019
6910.000	4.000	298.828	0.019
6920.000	4.000	326.172	0.033
6930.000	4.000	326.172	0.033
6940.000	4.000	326.172	0.033
6950.000	4.000	296.875	0.019
6960.000	4.000	296.875	0.019
6970.000	4.000	296.875	0.019
6980.000	4.000	283.203	0.020
6990.000	4.000	283.203	0.020
7000.000	4.000	283.203	0.020
7010.000	4.000	300.781	0.018
7020.000	4.000	300.781	0.018
